9.45
1.02
1.34
2.02
3.69
3.98
3.69
3.29
2.32
2.12
3.20
4.17
5.25
7.50
8.38
8.67
7.99
7.89
7.50
8.87
10.33
12.29
13.95
14.63
15.12
13.95
12.78
12.78
12.78
13.75
15.51
16.00
16.30
15.32
12.97
12.39
13.26
12.68
15.02
16.49
16.69
16.10
15.42
14.44
14.34
16.20
16.30
16.88
17.47
16.69
15.90
15.12
12.97
13.66
12.97
14.44
15.90
15.22
14.93
13.26
12.58
12.58
12.78
12.97
14.73
14.83
14.93
13.85
12.97
12.97
12.87
12.29
12.48
11.99
12.39
11.21
11.21
11.90
13.07
13.75
13.56
13.07
13.07
12.09
11.02
11.99
12.39
12.39
13.07
13.66
13.26
13.07
12.58
12.39
11.51
11.41
12.29
12.39
13.26
13.46
13.85
13.07
12.68
11.60
11.70
12.29
11.60
11.51
12.19
12.78
12.29
11.11
10.72
10.92
10.82
10.92
11.11
11.90
12.09
11.80
12.09
11.31
10.33
11.31
11.60
11.51
11.80
12.19
12.19
11.80
11.41
10.63
10.23
10.33
10.53
10.72
11.99
12.29
12.09
11.21
10.82
11.11
11.31
12.19
13.26
14.24
15.42
15.90
16.20
16.69
15.12
14.83
15.22
15.42
15.51
16.10
17.27
16.98
16.30
15.71
14.93
15.22
16.59
15.90
16.49
16.49
16.98
16.59
14.73
15.02
13.95
13.36
13.56
14.44
15.42
15.51
15.42
15.71
15.02
15.02
15.32
14.83
15.90
16.69
16.10
15.12
14.83
15.71
14.54
15.61
16.69
17.47
17.66
17.37
17.47
16.78
15.90
16.69
17.76
18.05
20.50
23.04
23.43
23.82
21.09
19.52
21.28
21.18
21.28
23.72
24.12
23.92
22.75
20.99
19.52
19.03
19.52
19.62
21.67
22.26
21.28
20.89
19.72
18.15
17.76
-1.00
-1.00
-1.00
-1.00
-1.00
-1.00
-1.00
-1.00
-1.00
-1.00
-1.00
3.88
5.25
6.23
5.84
5.44
4.66
3.29
4.17
4.47
4.96
6.13
7.40
6.62
6.03
5.25
4.57
4.37
4.57
4.86
6.32
6.91
6.52
6.42
5.35
4.27
4.27
4.47
5.05
5.93
7.89
7.69
7.79
7.11
6.81
8.48
9.75
10.23
11.60
12.09
11.31
13.36
12.78
14.34
16.98
19.23
21.77
23.33
23.33
22.75
22.16
19.81
18.93
18.74
20.89
21.67
20.89
19.91
18.93
17.86
16.88
16.78
17.27
16.78
17.96
18.05
17.76
17.17
15.81
15.22
16.69
16.78
16.39
17.17
16.98
16.20
15.51
14.05
13.36
14.73
15.81
16.39
16.20
15.32
14.44
13.17
11.80
12.09
12.29
13.07
14.05
13.85
13.26
12.39
11.11
11.11
11.21
11.51
12.87
14.05
13.56
12.97
11.70
10.63
10.72
11.02
11.70
12.78
13.56
13.66
12.68
11.02
10.82
11.02
11.31
12.68
12.68
12.09
11.41
9.84
9.84
10.23
11.02
12.09
11.99
11.41
10.63
9.35
9.75
10.14
10.72
11.90
11.80
11.31
10.82
9.16
8.87
9.26
9.45
11.02
11.31
10.92
11.21
11.60
11.02
10.72
11.90
12.78
13.56
13.36
13.56
14.63
14.34
13.17
13.17
14.14
15.12
15.90
15.42
14.73
14.24
12.68
12.29
13.26
14.05
14.14
14.73
15.02
14.44
13.95
13.56
12.19
11.60
11.80
13.56
14.14
14.93
14.73
14.05
13.36
12.09
11.11
11.11
11.99
12.97
14.24
-1.00
-1.00
-1.00
-1.00
-1.00
-1.00
-1.00
-1.00
-1.00
-1.00
-1.00
-1.00
-1.00
-1.00
