0.00 1.73
0.00 1.63
0.00 1.63
0.00 1.73
0.00 1.63
0.00 1.63
0.00 1.63
0.00 1.63
0.00 1.63
0.00 2.02
0.00 1.63
0.00 1.83
0.00 1.63
0.01 1.63
3.89 1.44
5.00 -1.00
5.00 -1.00
5.00 1.44
5.00 -1.00
4.99 -1.00
5.00 -1.00
5.00 -1.00
5.00 -1.00
5.00 -1.00
5.00 -1.00
5.00 -1.00
5.00 -1.00
5.00 -1.00
5.00 -1.00
5.00 1.05
5.00 -1.00
5.00 1.14
5.00 1.14
5.00 1.05
5.00 1.05
5.00 -1.00
5.00 -1.00
5.00 -1.00
5.00 -1.00
5.00 -1.00
5.00 -1.00
5.00 -1.00
5.00 -1.00
5.00 -1.00
5.00 -1.00
5.00 -1.00
5.00 -1.00
5.00 -1.00
5.00 -1.00
0.01 1.53
0.00 1.53
0.00 1.44
0.00 1.53
0.00 1.44
0.00 1.63
0.00 1.53
0.00 1.53
0.00 1.63
0.00 1.53
4.97 1.53
0.45 1.63
0.10 1.63
5.00 1.53
0.09 1.53
0.00 1.63
0.00 2.12
0.00 1.63
0.00 1.63
0.00 1.63
0.02 1.73
0.00 1.53
0.00 1.63
0.00 1.53
3.77 1.63
5.00 1.63
5.00 1.63
0.19 1.63
0.00 1.63
0.00 1.73
0.00 1.73
0.00 1.63
0.00 1.63
4.99 1.63
5.00 2.02
0.44 1.83
4.55 2.12
4.92 1.73
0.45 1.73
4.94 1.73
5.00 1.73
5.00 1.73
5.00 1.73
5.00 1.63
5.00 1.73
5.00 1.73
5.00 1.73
5.00 1.73
5.00 1.83
5.00 1.73
5.00 1.63
5.00 1.73
5.00 1.73
0.13 1.73
0.00 1.73
0.00 1.73
0.00 1.73
4.04 1.73
5.00 1.73
5.00 1.73
5.00 1.63
5.00 1.63
5.00 1.63
5.00 1.63
5.00 1.63
5.00 1.73
5.00 1.63
4.80 1.63
0.00 1.63
0.00 2.02
0.00 1.63
0.00 1.63
0.00 1.63
0.00 1.63
0.00 1.93
4.90 1.73
4.99 2.02
0.24 1.73
0.00 1.93
0.00 1.53
0.00 1.63
0.00 1.73
0.00 1.73
0.00 1.73
0.00 1.73
0.00 1.73
4.99 1.63
0.20 1.63
0.00 1.73
0.00 1.83
0.00 1.83
4.96 1.73
5.00 1.73
5.00 1.63
5.00 1.63
0.49 1.63
0.00 1.73
0.00 1.73
0.00 1.63
0.00 1.53
0.00 2.12
4.98 1.83
5.00 1.63
5.00 1.73
5.00 1.83
5.00 1.63
5.00 1.83
5.00 1.83
5.00 1.63
5.00 1.73
5.00 1.73
5.00 1.83
0.03 1.73
0.00 1.73
0.00 1.83
0.00 1.83
0.00 1.73
0.00 1.73
0.00 1.83
0.00 1.73
5.00 1.83
5.00 1.63
5.00 1.73
5.00 1.73
5.00 1.63
5.00 1.63
5.00 1.73
5.00 1.63
0.03 1.44
0.00 1.63
0.10 1.53
0.00 1.63
4.99 1.73
5.00 1.63
3.48 1.63
0.54 1.63
5.00 1.63
4.83 1.93
0.77 1.83
4.99 1.63
0.19 1.73
4.99 1.73
0.00 1.73
0.21 1.73
3.69 1.83
0.00 1.83
3.24 1.83
0.00 1.83
0.82 1.83
0.00 1.63
0.00 1.73
0.00 1.73
0.00 1.63
0.00 1.73
4.99 1.73
4.92 1.63
0.00 1.73
0.00 1.73
0.00 1.83
0.00 1.63
0.00 1.73
0.00 1.73
0.92 1.73
4.99 1.73
5.00 1.63
5.00 1.73
3.67 1.63
3.96 1.73
0.00 1.83
4.99 1.73
0.21 1.73
0.77 1.63
0.00 1.73
0.00 1.73
4.99 1.73
5.00 1.24
5.00 1.24
5.00 1.14
5.00 1.14
5.00 1.24
0.10 1.73
0.00 1.73
2.26 1.73
5.00 1.34
5.00 1.24
5.00 1.34
0.04 1.44
5.00 1.44
0.00 1.44
0.00 1.44
5.00 1.53
5.00 1.63
5.00 1.63
5.00 1.63
5.00 1.63
5.00 1.44
5.00 1.63
4.99 1.63
4.31 1.63
0.02 1.63
0.00 1.63
0.00 1.63
4.32 1.63
0.10 1.63
0.00 1.73
0.00 1.73
0.00 2.22
0.00 1.63
0.00 1.63
0.00 1.63
0.00 1.53
0.00 1.53
3.32 1.44
3.36 1.63
4.98 1.63
5.00 1.63
5.00 1.63
5.00 1.63
5.00 1.63
5.00 1.63
2.31 1.63
0.00 1.73
0.00 1.63
4.99 1.73
5.00 1.93
5.00 1.63
4.04 1.83
0.00 1.63
0.00 1.63
0.00 1.63
4.85 1.63
4.99 1.63
5.00 1.73
2.57 1.73
0.08 1.63
4.78 1.73
5.00 1.73
5.00 1.73
0.02 1.63
0.00 1.63
0.00 1.44
0.00 1.53
4.99 1.63
5.00 1.83
5.00 1.73
5.00 1.83
5.00 1.63
1.00 1.63
0.00 1.63
0.00 1.63
0.00 1.63
0.00 1.63
0.00 1.63
0.00 1.63
4.99 1.73
5.00 1.63
0.01 2.22
0.00 1.53
0.00 2.02
0.00 1.63
0.00 1.44
4.39 1.63
5.00 1.44
5.00 1.63
5.00 1.53
5.00 1.73
5.00 1.24
5.00 1.63
5.00 1.73
5.00 1.63
5.00 1.53
5.00 1.63
5.00 1.73
1.04 1.63
2.80 1.63
2.03 1.63
1.72 1.63
0.00 1.63
1.11 1.63
4.99 2.12
5.00 1.63
5.00 1.73
5.00 1.73
0.03 1.63
0.00 1.63
0.00 1.73
3.48 1.63
5.00 1.63
5.00 1.73
5.00 1.73
5.00 1.73
5.00 1.63
5.00 1.73
5.00 1.73
0.04 1.63
0.00 1.73
3.47 1.73
5.00 1.73
4.96 1.73
0.00 1.63
0.00 1.44
0.00 1.93
4.42 1.63
5.00 1.73
0.13 1.63
0.00 1.44
0.00 1.44
0.00 1.34
0.00 1.83
0.00 1.44
4.29 1.44
5.00 1.44
5.00 1.53
5.00 1.53
5.00 1.53
5.00 1.44
5.00 1.53
5.00 1.53
5.00 2.12
5.00 1.53
5.00 1.53
5.00 1.53
5.00 2.12
0.19 1.63
0.00 1.53
0.00 1.63
4.99 1.63
0.02 1.53
0.00 1.63
0.00 1.53
5.00 1.53
5.00 1.44
5.00 1.24
5.00 1.34
5.00 1.34
5.00 1.44
3.35 1.53
1.41 1.44
4.99 1.44
5.00 1.44
0.03 1.34
0.00 1.44
0.00 1.44
0.00 1.63
0.00 1.34
0.00 1.34
0.00 1.24
0.00 1.34
0.00 1.34
2.88 1.34
5.00 1.24
5.00 1.44
4.48 1.34
3.45 1.24
3.17 1.34
2.83 1.34
3.45 1.34
3.76 1.24
3.33 1.34
3.93 1.34
4.59 1.24
4.33 1.24
4.55 1.34
4.83 1.34
5.00 1.24
5.00 1.34
5.00 1.34
5.00 1.34
5.00 1.34
5.00 1.34
4.57 1.34
3.23 1.34
1.92 1.24
2.27 1.34
1.88 1.34
0.00 1.24
0.00 1.24
0.00 1.24
0.00 1.93
0.00 1.24
0.00 1.34
0.00 1.24
0.00 1.24
0.29 1.24
4.76 1.24
5.00 1.24
5.00 1.34
5.00 1.24
5.00 1.24
2.32 1.24
2.26 1.24
2.28 1.34
2.61 1.14
3.07 1.24
2.70 1.24
2.73 1.34
3.08 1.34
2.66 1.14
1.97 1.24
1.74 1.24
0.73 1.34
0.04 1.24
0.00 1.24
0.00 1.24
0.00 1.24
0.00 1.14
0.00 1.44
0.00 1.14
0.27 1.24
0.87 1.24
0.53 1.44
1.53 1.24
2.80 1.44
4.28 1.24
4.78 1.24
4.27 1.63
4.23 1.83
3.66 1.14
2.55 1.24
1.68 1.24
1.48 1.24
1.53 1.24
1.66 1.24
1.68 1.83
1.84 1.24
1.69 1.24
1.62 1.24
1.93 1.14
2.34 1.24
2.54 1.24
4.90 1.24
2.54 1.44
2.95 1.24
3.00 1.24
2.96 1.24
2.85 1.24
2.20 1.24
2.27 1.24
2.36 1.24
2.29 1.24
2.39 1.24
2.39 1.05
2.39 1.24
2.22 1.34
2.26 1.24
2.27 1.24
2.32 1.24
1.98 1.24
1.98 1.24
3.40 1.83
0.95 1.24
1.70 1.24
2.06 1.24
2.43 1.24
2.81 1.24
1.92 1.24
1.97 1.24
2.30 1.14
2.40 1.24
2.29 1.24
2.27 1.24
2.38 1.14
2.41 1.24
2.65 1.34
2.57 1.24
2.41 1.24
2.01 1.34
1.21 1.24
0.07 1.34
0.34 1.24
0.00 1.24
0.00 1.24
0.00 1.24
0.00 1.24
0.01 1.14
0.00 1.24
0.00 1.93
0.00 1.24
0.00 1.24
0.01 1.44
0.39 1.05
0.49 1.24
0.30 1.05
0.14 1.14
0.41 1.05
1.13 1.24
1.92 1.14
2.41 1.14
3.29 1.24
4.96 1.24
3.26 1.24
3.94 1.24
4.90 1.24
5.00 1.34
5.00 1.24
5.00 1.14
5.00 1.24
4.04 1.24
4.83 1.73
5.00 1.24
5.00 1.34
4.99 1.14
0.88 1.34
0.00 1.24
0.00 1.14
0.00 1.14
0.00 1.24
0.00 1.24
0.00 1.14
0.00 1.14
3.77 1.24
0.62 1.14
1.91 1.14
2.94 1.24
4.71 1.14
5.00 1.14
5.00 1.14
5.00 1.24
5.00 1.14
4.94 1.24
4.87 1.14
5.00 1.14
5.00 1.14
5.00 1.05
5.00 1.24
5.00 1.14
5.00 1.24
5.00 1.14
4.78 1.83
4.26 1.05
2.62 1.05
3.07 1.14
3.37 1.63
3.65 1.14
3.92 1.24
3.32 1.14
2.95 1.14
3.12 1.14
3.06 1.14
2.90 1.14
2.77 1.14
2.73 1.24
2.78 1.14
2.75 1.14
2.64 1.14
2.61 1.05
2.77 1.14
2.74 1.14
2.80 1.05
4.33 1.14
1.93 1.05
2.60 1.24
2.86 1.05
3.15 1.14
3.33 1.05
2.66 1.14
2.67 1.44
2.76 -1.00
2.69 1.14
2.60 1.14
2.62 1.05
2.58 1.24
2.56 1.14
2.53 1.24
2.42 1.14
2.41 -1.00
2.36 1.05
2.36 1.05
2.49 1.14
2.40 1.14
2.40 1.14
2.62 1.24
1.60 1.05
1.99 -1.00
2.25 1.14
2.41 1.14
2.57 1.14
2.29 1.14
2.10 1.14
2.13 1.14
2.10 1.14
2.07 1.05
2.14 1.14
2.25 1.05
2.29 1.05
2.25 1.05
2.18 1.14
2.17 -1.00
2.15 1.14
2.18 1.14
2.23 1.24
2.19 1.14
2.19 1.14
2.22 1.05
1.28 -1.00
1.60 1.24
1.91 1.05
2.16 1.24
2.36 1.05
1.98 1.14
1.73 1.05
1.95 1.05
1.98 1.73
1.92 1.05
1.96 1.14
2.01 1.14
2.08 1.14
2.09 1.14
2.12 1.63
2.12 1.05
2.05 1.05
1.87 1.05
1.79 1.05
1.58 -1.00
1.55 1.14
1.53 1.63
1.19 1.14
1.18 1.05
1.64 1.05
1.93 1.05
2.16 1.05
1.92 1.05
1.64 1.05
1.86 1.05
1.94 1.05
2.05 1.05
2.11 1.05
2.09 1.05
2.13 1.05
2.17 1.05
2.15 1.05
2.12 1.14
2.10 1.05
2.16 1.44
2.22 1.05
2.28 1.14
2.23 1.05
2.11 1.05
2.04 1.05
4.16 1.14
1.39 1.05
1.82 1.14
2.10 1.05
2.35 1.14
2.32 1.14
1.79 1.05
1.94 1.14
2.11 1.05
2.09 1.14
2.07 1.24
2.10 1.63
2.13 1.05
2.13 1.44
2.08 1.14
2.03 1.05
2.04 1.14
2.04 1.05
1.97 1.24
1.96 1.14
1.81 1.05
1.92 1.05
4.34 1.05
1.13 1.05
1.63 1.14
1.97 1.05
2.21 1.05
2.32 1.05
1.73 1.05
1.80 1.05
1.97 1.14
2.05 1.05
2.02 1.14
2.10 1.05
2.14 1.05
2.09 1.14
2.14 1.14
2.18 -1.00
2.12 1.05
2.03 1.05
2.15 1.14
2.16 1.14
2.14 1.05
2.02 1.14
2.03 1.05
2.96 1.05
1.17 1.14
1.69 -1.00
1.93 -1.00
2.18 1.44
2.34 1.05
1.91 1.05
1.75 1.05
1.97 1.14
2.03 1.05
1.96 1.05
2.01 -1.00
2.03 1.05
2.01 1.53
1.99 1.05
2.08 -1.00
2.09 1.05
2.06 1.14
2.04 1.14
2.00 1.14
2.00 1.05
2.01 1.05
2.02 1.14
2.86 1.14
1.00 1.05
1.65 1.05
1.96 1.14
2.20 1.05
2.36 1.05
1.82 -1.00
1.74 1.05
1.93 1.05
1.93 1.05
1.84 -1.00
1.87 1.05
1.86 1.05
1.92 1.05
1.98 1.05
2.00 -1.00
2.03 1.05
2.07 1.05
2.03 1.05
2.04 -1.00
2.11 1.24
2.00 -1.00
2.02 -1.00
3.72 1.05
1.18 -1.00
1.73 -1.00
2.03 -1.00
2.23 1.05
2.37 -1.00
1.84 1.05
1.78 -1.00
1.97 -1.00
2.05 -1.00
2.01 -1.00
2.04 -1.00
2.06 -1.00
2.07 -1.00
2.06 -1.00
2.11 -1.00
2.04 -1.00
2.03 -1.00
2.04 -1.00
2.01 -1.00
2.09 -1.00
2.13 1.05
1.96 -1.00
1.99 -1.00
3.85 -1.00
1.20 -1.00
1.69 -1.00
1.96 -1.00
2.13 -1.00
2.28 -1.00
1.79 -1.00
1.69 -1.00
1.84 -1.00
1.92 -1.00
1.91 -1.00
1.96 1.05
1.98 -1.00
2.02 -1.00
1.97 -1.00
1.97 -1.00
1.98 -1.00
1.99 1.05
1.96 1.05
1.97 -1.00
1.96 1.24
1.90 -1.00
1.92 -1.00
4.25 -1.00
1.31 1.05
1.74 -1.00
1.97 1.05
2.18 -1.00
2.21 -1.00
1.67 -1.00
1.79 -1.00
1.98 -1.00
2.05 1.05
1.99 -1.00
2.03 -1.00
2.03 -1.00
2.00 -1.00
2.01 -1.00
1.98 -1.00
1.95 -1.00
2.03 -1.00
2.02 -1.00
1.98 -1.00
2.09 -1.00
2.09 1.05
2.07 -1.00
2.11 1.05
2.14 -1.00
1.71 -1.00
2.04 -1.00
2.20 -1.00
2.33 -1.00
2.20 -1.00
1.81 -1.00
1.90 -1.00
1.92 -1.00
1.95 -1.00
1.90 1.05
1.96 -1.00
1.96 -1.00
1.96 -1.00
2.03 -1.00
2.00 -1.00
2.00 -1.00
1.98 -1.00
2.01 -1.00
1.98 -1.00
2.03 -1.00
1.97 -1.00
2.03 -1.00
3.63 1.05
0.96 -1.00
1.28 1.24
1.32 -1.00
1.46 1.05
1.97 -1.00
1.37 -1.00
1.19 -1.00
1.49 -1.00
1.64 1.14
1.67 -1.00
1.74 -1.00
1.69 -1.00
1.67 -1.00
1.60 -1.00
1.72 -1.00
1.96 -1.00
2.17 -1.00
2.50 -1.00
2.89 -1.00
3.00 -1.00
2.84 1.34
2.74 -1.00
2.66 -1.00
1.68 -1.00
1.83 -1.00
2.07 1.05
2.00 -1.00
1.88 -1.00
1.40 -1.00
1.03 -1.00
1.26 -1.00
1.38 -1.00
1.23 -1.00
0.84 -1.00
0.56 -1.00
0.58 -1.00
0.96 -1.00
1.54 -1.00
2.06 1.05
2.50 -1.00
2.90 -1.00
3.11 1.05
2.95 1.05
2.74 -1.00
2.58 1.24
2.49 -1.00
1.77 -1.00
1.89 -1.00
2.19 -1.00
2.39 -1.00
2.58 -1.00
2.26 1.05
1.81 -1.00
1.97 -1.00
2.10 -1.00
2.09 1.34
2.07 1.14
2.07 -1.00
2.04 1.05
2.04 -1.00
2.02 -1.00
2.06 -1.00
2.04 -1.00
1.95 1.24
1.93 -1.00
1.84 -1.00
1.79 -1.00
1.88 -1.00
0.95 -1.00
1.34 -1.00
1.61 -1.00
1.86 -1.00
2.07 -1.00
1.79 -1.00
1.55 1.05
1.81 -1.00
1.85 -1.00
1.84 -1.00
1.84 -1.00
1.95 -1.00
2.01 -1.00
2.06 -1.00
2.21 -1.00
2.35 -1.00
2.37 -1.00
2.31 -1.00
2.21 -1.00
2.15 -1.00
2.06 -1.00
2.05 -1.00
3.70 1.24
1.43 -1.00
1.77 -1.00
2.00 -1.00
2.16 -1.00
2.27 -1.00
1.92 -1.00
1.90 -1.00
1.90 1.53
1.84 -1.00
1.87 -1.00
1.98 -1.00
2.03 -1.00
2.06 -1.00
2.07 -1.00
2.06 -1.00
2.05 1.34
2.04 -1.00
2.03 -1.00
1.99 -1.00
1.91 -1.00
1.90 -1.00
2.06 1.44
1.45 1.05
1.81 -1.00
1.96 -1.00
2.10 -1.00
1.97 -1.00
1.57 -1.00
1.74 -1.00
1.83 -1.00
1.85 -1.00
1.87 -1.00
1.90 -1.00
1.92 -1.00
1.91 -1.00
1.91 -1.00
1.90 -1.00
1.96 -1.00
2.00 -1.00
2.06 -1.00
1.95 -1.00
1.98 -1.00
4.62 -1.00
1.20 1.24
1.67 -1.00
1.93 -1.00
2.16 -1.00
2.30 -1.00
1.82 -1.00
1.80 -1.00
1.91 -1.00
1.92 -1.00
1.87 -1.00
1.90 -1.00
1.90 -1.00
1.91 -1.00
1.92 -1.00
1.90 -1.00
1.89 -1.00
1.86 -1.00
1.83 -1.00
1.87 -1.00
1.92 -1.00
1.88 -1.00
1.95 -1.00
3.83 -1.00
1.29 -1.00
1.55 -1.00
1.74 -1.00
1.97 -1.00
2.09 1.44
1.52 -1.00
1.57 -1.00
1.59 -1.00
1.52 -1.00
1.43 -1.00
1.44 -1.00
1.44 -1.00
1.47 -1.00
1.26 -1.00
1.10 -1.00
1.06 -1.00
1.28 -1.00
1.59 -1.00
2.53 -1.00
2.91 -1.00
2.95 -1.00
4.89 -1.00
2.46 -1.00
2.95 -1.00
3.42 -1.00
3.84 1.34
4.80 -1.00
4.13 1.05
4.60 -1.00
5.00 -1.00
5.00 -1.00
5.00 -1.00
5.00 -1.00
5.00 -1.00
5.00 -1.00
5.00 -1.00
2.77 -1.00
1.22 -1.00
0.11 -1.00
0.00 -1.00
1.61 -1.00
3.88 -1.00
4.07 -1.00
0.36 -1.00
0.00 -1.00
0.00 -1.00
0.00 -1.00
0.00 -1.00
0.00 -1.00
0.00 -1.00
0.00 -1.00
0.00 -1.00
0.00 1.05
0.00 -1.00
0.00 -1.00
0.00 -1.00
0.00 -1.00
0.00 1.05
0.16 -1.00
0.87 -1.00
1.48 -1.00
2.12 -1.00
2.32 -1.00
2.38 -1.00
4.50 -1.00
1.55 -1.00
1.99 -1.00
2.16 -1.00
2.28 -1.00
2.34 -1.00
1.68 1.05
1.72 -1.00
2.03 -1.00
1.94 -1.00
1.71 -1.00
1.68 -1.00
1.72 -1.00
1.72 1.44
1.83 -1.00
1.91 -1.00
1.98 -1.00
1.83 -1.00
1.74 -1.00
1.58 -1.00
1.64 -1.00
3.92 -1.00
1.15 -1.00
1.74 -1.00
2.18 -1.00
2.38 1.05
2.24 -1.00
1.85 1.24
1.87 -1.00
2.07 -1.00
2.17 -1.00
2.03 -1.00
2.05 -1.00
1.90 -1.00
2.03 -1.00
2.03 -1.00
1.80 -1.00
1.87 -1.00
1.91 -1.00
2.04 -1.00
1.82 -1.00
1.66 -1.00
1.53 -1.00
1.58 -1.00
0.83 -1.00
1.08 -1.00
1.52 1.53
1.89 -1.00
2.23 -1.00
1.86 1.05
1.89 -1.00
1.99 -1.00
1.93 -1.00
1.54 -1.00
0.65 -1.00
0.00 1.14
0.01 -1.00
0.00 -1.00
0.00 -1.00
0.38 -1.00
1.25 1.24
1.75 -1.00
2.07 -1.00
2.17 -1.00
2.62 -1.00
2.03 -1.00
2.51 -1.00
2.76 -1.00
2.49 -1.00
2.02 -1.00
1.90 -1.00
1.89 -1.00
2.52 -1.00
2.93 -1.00
2.94 -1.00
2.74 -1.00
2.50 -1.00
2.26 -1.00
1.74 -1.00
1.57 -1.00
1.61 -1.00
1.10 -1.00
1.23 -1.00
1.66 -1.00
3.67 -1.00
1.69 1.14
2.30 -1.00
2.66 -1.00
3.22 -1.00
2.67 -1.00
2.02 -1.00
2.29 -1.00
2.31 -1.00
2.08 -1.00
1.91 -1.00
1.88 -1.00
1.87 -1.00
1.71 -1.00
1.74 -1.00
1.96 -1.00
1.88 1.14
1.69 -1.00
2.70 -1.00
0.85 -1.00
1.75 1.05
2.29 -1.00
2.62 -1.00
2.90 -1.00
2.44 -1.00
2.22 -1.00
2.68 -1.00
2.93 -1.00
3.00 -1.00
2.91 -1.00
2.59 -1.00
2.39 -1.00
2.13 -1.00
2.34 -1.00
2.89 1.05
2.48 -1.00
3.37 -1.00
3.36 -1.00
3.21 -1.00
2.66 -1.00
1.67 -1.00
0.98 -1.00
1.29 1.05
1.38 -1.00
1.67 -1.00
1.84 1.05
1.92 -1.00
1.92 -1.00
1.63 -1.00
1.36 -1.00
1.05 -1.00
0.88 -1.00
2.91 -1.00
0.50 -1.00
1.22 -1.00
1.92 -1.00
2.29 -1.00
2.27 1.05
1.71 -1.00
2.27 -1.00
2.87 -1.00
2.71 1.05
1.96 1.05
1.38 -1.00
0.92 -1.00
0.82 -1.00
1.43 -1.00
1.63 1.05
1.97 -1.00
2.58 -1.00
3.41 -1.00
2.46 -1.00
2.62 -1.00
2.48 -1.00
2.38 1.05
2.34 1.05
2.24 -1.00
2.23 -1.00
2.67 -1.00
2.51 -1.00
2.23 -1.00
2.09 -1.00
2.04 -1.00
1.98 -1.00
1.92 -1.00
1.93 1.05
1.89 -1.00
1.87 -1.00
1.92 -1.00
1.86 -1.00
1.88 -1.00
4.30 -1.00
1.20 -1.00
1.64 -1.00
1.84 -1.00
2.01 -1.00
2.06 -1.00
1.88 1.05
1.96 -1.00
2.03 -1.00
1.97 1.05
1.89 -1.00
1.88 -1.00
1.86 -1.00
1.96 -1.00
1.99 -1.00
2.01 -1.00
2.07 -1.00
2.03 -1.00
1.95 -1.00
1.80 -1.00
1.94 -1.00
3.49 -1.00
1.56 1.05
1.88 -1.00
1.99 1.53
2.14 1.05
2.08 1.05
1.61 -1.00
1.55 -1.00
1.35 -1.00
1.29 -1.00
1.44 -1.00
1.52 1.05
1.53 -1.00
1.50 -1.00
1.51 -1.00
1.58 -1.00
1.75 -1.00
1.70 -1.00
1.74 1.34
3.06 -1.00
1.16 -1.00
1.54 -1.00
1.75 -1.00
1.93 -1.00
1.93 -1.00
1.64 -1.00
1.79 -1.00
1.81 -1.00
1.69 -1.00
1.72 -1.00
1.87 -1.00
1.91 -1.00
1.98 1.05
1.90 -1.00
1.89 -1.00
1.94 -1.00
1.79 -1.00
1.88 -1.00
4.51 -1.00
1.25 1.05
1.68 -1.00
1.83 1.53
1.74 -1.00
1.73 -1.00
1.42 -1.00
1.12 -1.00
1.12 -1.00
1.51 -1.00
1.77 -1.00
1.67 -1.00
1.62 -1.00
1.74 -1.00
1.82 -1.00
1.78 1.05
1.82 -1.00
1.91 -1.00
1.79 -1.00
3.59 1.05
0.93 -1.00
1.48 1.05
1.80 -1.00
1.97 -1.00
2.19 1.14
2.05 -1.00
2.06 1.05
1.79 -1.00
1.86 -1.00
1.95 -1.00
2.01 -1.00
2.17 -1.00
2.29 -1.00
2.24 -1.00
2.00 -1.00
1.83 1.05
1.83 -1.00
1.87 1.14
1.52 -1.00
1.60 1.05
1.92 -1.00
2.07 -1.00
1.86 1.14
1.73 -1.00
1.55 -1.00
1.79 -1.00
1.87 -1.00
1.89 -1.00
1.96 -1.00
1.83 1.05
1.73 -1.00
1.73 1.05
1.78 1.05
1.91 -1.00
1.99 -1.00
2.02 -1.00
1.90 -1.00
1.40 1.14
1.29 1.05
1.69 -1.00
1.92 -1.00
2.06 -1.00
1.94 -1.00
1.76 -1.00
1.83 -1.00
1.75 -1.00
1.80 -1.00
1.81 -1.00
1.87 -1.00
1.91 -1.00
2.07 -1.00
1.92 -1.00
1.90 -1.00
1.82 -1.00
1.90 -1.00
1.80 -1.00
1.71 -1.00
2.81 1.63
1.07 -1.00
1.45 -1.00
1.52 -1.00
1.58 -1.00
1.76 -1.00
1.70 1.24
1.67 -1.00
1.73 -1.00
1.84 -1.00
1.77 -1.00
1.67 -1.00
1.72 -1.00
1.85 -1.00
1.95 -1.00
2.04 -1.00
2.01 -1.00
2.01 -1.00
1.98 1.44
1.90 -1.00
1.80 -1.00
1.85 -1.00
3.72 -1.00
1.37 -1.00
1.73 -1.00
1.98 -1.00
1.82 -1.00
2.12 1.14
1.64 -1.00
1.79 -1.00
1.94 -1.00
2.03 -1.00
2.07 -1.00
2.15 -1.00
2.14 -1.00
2.14 -1.00
2.08 -1.00
2.10 -1.00
2.08 -1.00
2.06 1.05
2.08 -1.00
1.95 -1.00
1.79 -1.00
1.78 -1.00
1.88 -1.00
1.88 -1.00
1.39 -1.00
1.66 -1.00
1.64 -1.00
2.04 -1.00
2.00 -1.00
1.60 -1.00
1.71 -1.00
1.74 -1.00
1.74 -1.00
1.75 -1.00
1.77 -1.00
1.75 1.05
1.77 -1.00
1.91 1.05
1.95 -1.00
1.98 1.05
1.96 -1.00
1.93 -1.00
1.76 -1.00
1.80 -1.00
1.86 -1.00
1.85 1.05
1.43 -1.00
1.82 -1.00
2.05 1.34
2.20 -1.00
2.11 -1.00
1.71 -1.00
1.86 -1.00
1.95 1.14
1.96 -1.00
1.97 -1.00
1.96 -1.00
2.02 -1.00
1.97 1.05
1.94 -1.00
1.85 -1.00
1.84 1.05
1.85 -1.00
1.84 -1.00
2.04 -1.00
2.30 1.05
2.93 -1.00
4.22 1.05
1.90 1.05
1.91 1.05
1.97 1.14
2.18 1.05
2.20 1.05
1.78 1.63
1.56 -1.00
1.89 -1.00
1.99 1.05
1.81 -1.00
1.30 -1.00
0.89 -1.00
0.82 -1.00
1.35 -1.00
1.45 1.14
0.87 -1.00
0.65 -1.00
0.88 -1.00
1.61 1.05
1.92 1.34
3.50 -1.00
1.20 -1.00
1.87 -1.00
1.96 -1.00
2.22 -1.00
1.73 1.05
1.34 1.05
1.07 1.05
1.79 1.05
2.38 1.05
2.47 1.05
2.03 1.05
1.38 1.05
0.74 1.05
0.67 -1.00
1.10 1.05
1.61 1.63
1.75 1.14
1.75 1.05
1.87 1.05
2.40 1.05
4.40 1.05
0.12 1.05
0.00 1.05
0.00 1.05
0.00 1.14
0.00 1.05
0.00 1.05
1.37 1.05
3.88 1.05
3.55 1.05
3.75 1.05
4.99 1.05
5.00 1.05
5.00 1.05
4.98 1.14
4.17 1.05
3.39 1.05
2.67 1.24
2.27 1.05
2.21 1.05
1.08 1.05
1.51 1.14
1.80 1.14
1.99 1.05
2.18 1.24
1.95 1.05
1.63 -1.00
1.88 1.14
1.88 1.05
1.74 -1.00
1.74 1.05
1.82 1.05
1.95 1.14
1.98 1.14
2.11 1.05
2.21 1.05
2.22 1.14
2.22 1.24
2.11 1.05
2.17 -1.00
3.65 1.14
1.34 -1.00
1.70 1.24
2.02 1.05
1.96 1.14
2.11 1.14
1.58 1.05
1.82 1.05
1.75 1.14
1.90 1.24
1.76 1.05
1.86 1.05
1.79 1.14
1.76 1.05
1.73 1.53
1.71 1.24
1.76 1.05
1.75 1.14
1.91 1.05
1.74 1.24
1.70 1.05
1.72 1.14
1.11 1.05
1.32 1.14
1.59 1.63
1.70 1.14
1.83 1.14
1.88 1.14
1.79 1.14
1.84 1.24
1.82 1.05
1.79 1.14
1.66 1.14
1.71 1.05
1.64 1.24
1.74 1.05
1.67 1.05
1.77 1.05
1.71 1.34
1.75 1.05
1.73 1.05
1.54 1.44
1.48 1.05
3.43 1.05
0.00 1.05
0.00 1.24
0.05 1.05
0.84 1.14
1.50 1.05
1.74 1.05
2.02 1.05
2.17 1.14
2.33 1.83
2.26 1.05
2.31 1.05
2.29 1.14
2.21 1.14
2.25 1.05
2.06 1.05
2.13 -1.00
2.18 1.05
1.96 1.05
1.94 1.05
3.67 1.14
1.51 1.24
1.92 1.05
2.09 1.05
2.20 1.05
2.26 1.05
1.74 1.05
1.71 1.05
1.83 1.14
1.85 1.05
1.74 1.05
1.78 1.05
1.80 1.05
1.86 1.24
1.95 1.05
1.96 1.14
2.11 1.05
2.05 1.14
2.11 1.05
3.92 1.05
1.36 1.05
1.71 -1.00
1.96 1.14
2.03 1.14
2.14 1.05
1.71 1.14
1.57 1.05
1.61 1.05
1.59 1.14
1.30 1.05
1.06 1.14
1.01 1.05
1.19 1.05
1.41 1.14
1.67 1.14
2.10 1.44
2.09 1.14
2.27 1.05
4.54 1.05
1.62 1.05
1.87 1.05
1.96 1.05
1.84 -1.00
1.87 1.05
1.95 1.05
1.90 1.14
1.90 1.05
2.03 1.05
2.10 1.05
2.06 1.05
1.95 1.05
1.87 1.05
1.95 1.05
1.94 1.05
2.03 1.05
2.32 -1.00
2.63 1.14
2.65 1.05
2.47 1.14
2.29 1.14
1.95 1.14
2.99 1.05
1.02 1.05
1.55 1.14
2.15 1.73
2.32 1.05
2.56 1.14
2.43 1.14
2.28 1.05
2.18 1.24
2.01 1.14
1.95 1.14
1.92 1.14
1.97 1.14
1.87 1.14
1.78 1.05
1.67 1.14
1.73 1.14
1.65 1.14
1.84 1.14
1.85 1.14
1.95 1.14
1.80 1.14
1.77 1.14
0.84 1.14
1.34 1.14
1.47 1.05
1.40 1.14
1.73 1.24
1.64 1.05
1.48 1.05
1.51 1.14
1.73 1.14
1.90 1.14
1.88 1.14
1.97 1.05
1.91 1.14
1.99 1.05
1.84 1.14
1.75 1.14
1.35 -1.00
1.54 1.14
1.82 1.14
2.30 1.05
2.52 1.14
2.32 1.14
2.35 1.14
2.23 1.24
1.74 1.24
1.69 1.14
1.79 1.14
1.32 1.14
1.28 1.14
1.13 1.14
1.40 1.14
2.02 1.14
2.53 1.05
2.96 -1.00
3.15 1.05
3.09 1.14
2.81 1.14
2.56 1.24
2.50 1.24
2.30 1.14
2.34 1.14
2.35 1.24
2.34 1.14
1.94 1.05
2.01 1.34
4.69 1.05
1.31 1.14
1.95 1.14
2.29 1.14
2.57 1.14
2.58 1.24
2.01 1.14
1.95 1.14
2.11 1.24
2.05 1.05
2.01 1.14
2.03 1.24
2.09 1.24
2.11 1.24
2.01 1.73
2.01 1.24
1.97 1.34
1.81 1.34
1.87 1.34
1.84 1.24
1.93 1.24
2.92 1.34
1.54 1.24
1.85 1.24
1.92 1.24
1.87 1.24
0.35 1.44
0.00 1.24
0.00 1.24
0.00 1.24
0.00 1.24
0.00 1.34
0.00 1.24
0.06 1.83
2.70 1.34
4.98 1.24
5.00 1.34
5.00 1.24
5.00 1.34
4.87 1.24
4.31 1.34
3.77 1.34
4.76 1.24
2.08 1.83
2.38 1.24
2.63 1.34
3.05 1.34
3.85 1.34
3.67 1.34
3.76 1.34
3.98 1.24
3.57 1.34
3.10 1.24
2.56 1.24
2.19 1.24
1.96 1.24
1.86 1.34
1.76 1.34
1.73 1.34
1.64 1.63
1.47 1.34
1.50 1.34
1.32 1.24
1.57 1.34
1.45 1.34
1.58 1.34
2.05 1.34
2.44 1.34
3.09 1.34
2.26 1.34
1.52 1.34
1.28 1.44
1.84 1.24
2.08 1.44
1.95 1.34
1.95 1.34
2.01 1.34
1.91 1.34
1.68 1.34
1.55 1.34
1.69 1.34
1.90 1.34
2.16 2.02
2.20 1.34
1.98 1.73
3.85 1.44
0.94 1.34
1.50 1.83
1.70 1.44
2.53 1.34
3.03 1.44
2.47 1.34
2.61 1.34
2.73 1.44
2.56 1.34
2.30 1.24
2.15 1.34
2.01 1.34
2.13 1.24
2.21 1.34
2.23 1.34
2.44 1.34
2.68 1.44
2.43 1.34
2.48 1.34
2.16 1.34
2.08 1.34
2.23 1.24
1.27 1.34
1.56 1.44
1.78 1.44
1.84 1.44
1.93 1.44
1.56 1.24
1.05 1.34
1.01 1.34
1.10 1.53
1.32 1.44
1.58 1.44
1.82 1.34
1.92 1.44
1.90 1.44
1.87 1.53
1.73 1.44
1.52 1.44
1.32 1.44
1.22 1.24
1.10 1.44
1.25 1.44
3.80 1.44
0.81 1.44
1.22 1.44
1.47 1.44
1.67 1.44
1.72 1.44
0.84 1.44
0.21 1.44
0.77 1.44
1.17 1.44
1.34 1.53
1.63 1.44
1.66 1.53
1.71 1.44
1.64 1.53
1.61 1.44
1.50 1.24
1.49 1.44
1.61 1.44
1.53 1.44
1.62 1.44
2.39 1.44
1.16 1.44
1.59 1.53
1.83 1.53
1.96 1.44
2.06 1.44
2.00 1.83
1.90 1.44
2.07 1.44
2.11 1.53
2.09 1.34
2.23 1.53
2.31 1.44
2.35 1.53
2.32 1.44
2.36 1.53
2.22 1.44
2.13 1.44
2.03 1.44
1.86 1.44
1.75 1.24
1.37 1.44
1.36 1.44
1.71 1.53
1.91 1.44
2.03 1.44
1.90 1.44
1.57 1.44
1.73 1.53
1.88 1.44
1.88 1.44
1.86 1.44
1.95 1.44
1.97 1.44
1.88 1.53
1.91 1.44
1.92 1.44
1.97 1.53
1.82 1.53
1.82 1.44
2.77 1.44
1.06 1.44
1.59 1.24
1.84 1.44
2.01 1.53
2.17 1.44
1.77 1.53
1.65 1.53
1.83 1.44
1.97 1.44
1.97 1.44
1.96 1.44
1.90 1.44
1.83 1.53
1.79 1.53
1.86 1.53
1.92 1.53
1.92 1.53
1.80 1.63
1.86 1.53
3.39 1.63
1.41 1.44
1.68 1.53
1.68 1.44
1.89 1.24
1.80 1.53
1.67 1.53
1.47 1.44
1.66 1.63
1.54 1.44
1.71 1.53
1.44 1.53
1.69 1.53
1.62 1.63
1.95 1.44
1.70 1.53
1.74 1.53
1.52 1.53
1.46 1.53
2.97 1.63
1.00 1.53
1.50 1.53
1.93 1.93
1.88 1.83
1.89 1.63
1.27 1.53
1.17 1.53
1.06 1.63
1.40 1.53
0.93 1.63
1.10 1.63
0.83 1.63
0.96 1.63
0.66 2.12
0.79 1.63
0.83 1.53
0.93 1.63
1.36 1.63
1.33 1.63
1.37 1.63
1.25 1.83
1.33 1.73
1.39 1.63
1.45 2.12
1.21 1.73
1.85 1.63
1.83 1.63
1.53 1.24
2.25 1.63
2.03 1.53
1.48 1.44
2.48 1.73
3.93 1.63
4.19 1.63
3.49 1.63
2.80 1.83
2.56 1.63
2.29 1.63
2.00 1.63
1.52 1.63
1.74 1.63
1.01 1.63
1.36 1.63
2.65 1.63
2.75 1.73
2.59 1.63
2.62 1.73
1.93 1.73
1.79 1.73
2.58 1.73
2.80 1.63
3.22 1.73
2.18 1.53
2.01 1.63
2.42 1.63
3.52 1.63
3.96 1.53
2.49 1.53
1.78 1.44
0.68 1.63
2.09 1.73
2.26 1.73
2.31 1.24
1.39 1.53
1.47 1.73
1.80 1.44
2.23 1.53
1.80 1.53
1.07 1.44
1.26 1.34
1.88 1.34
2.57 1.34
2.68 1.34
2.43 1.44
2.17 1.44
1.73 1.24
1.34 1.44
1.04 1.44
0.47 1.44
0.87 1.44
1.47 1.44
1.78 1.44
2.26 1.44
3.01 1.44
3.28 1.34
2.99 1.24
2.49 1.34
1.96 1.34
1.45 1.44
0.95 1.83
0.56 1.24
0.46 1.24
0.86 1.34
1.46 1.34
1.82 1.44
1.57 1.44
1.43 1.53
2.76 1.44
2.00 1.44
2.51 1.24
3.16 1.24
2.98 1.14
2.60 1.14
2.17 -1.00
2.35 1.44
2.77 1.14
3.07 1.05
3.28 1.14
3.47 1.24
3.28 1.14
2.90 1.14
2.93 1.14
2.72 1.24
2.21 1.24
2.26 1.05
2.34 1.05
1.56 1.24
2.03 1.24
2.22 1.24
2.54 1.24
3.27 1.63
3.02 1.24
2.45 1.24
2.17 1.24
1.90 1.44
1.83 1.34
1.81 1.34
1.73 1.44
1.66 1.34
1.79 1.34
2.11 1.93
2.25 1.34
2.13 1.14
2.14 1.24
3.84 1.24
1.52 1.24
1.80 1.24
1.94 1.34
2.05 1.44
2.14 1.44
1.63 1.34
1.78 1.44
1.90 1.34
1.91 1.44
1.89 1.44
1.93 1.34
1.87 1.34
1.95 1.34
1.86 1.34
1.78 1.34
1.54 1.34
1.56 1.34
1.70 1.34
0.84 1.34
1.38 1.34
1.73 1.34
1.99 1.34
2.12 1.34
1.90 1.34
1.64 1.34
1.86 1.24
1.95 1.34
1.93 1.34
1.96 1.34
2.01 1.34
2.03 1.34
2.07 1.34
2.06 1.34
2.10 1.34
2.14 1.34
1.99 1.44
1.94 1.34
1.87 1.34
1.45 1.44
1.53 1.34
1.81 1.44
2.02 1.34
2.17 1.44
2.14 1.34
1.90 1.44
1.97 1.44
1.92 1.34
1.84 1.44
1.75 1.44
1.77 1.34
1.80 2.02
1.83 1.53
1.81 1.24
1.85 1.63
1.93 1.44
1.92 1.44
1.71 1.44
1.63 1.44
1.57 1.44
0.46 1.83
1.08 1.44
1.49 1.44
1.74 1.44
1.90 1.44
1.62 1.53
1.42 1.44
1.64 1.44
1.72 1.44
1.80 1.44
1.87 1.44
1.74 1.44
1.55 1.44
1.56 1.34
1.60 1.44
1.77 1.44
2.12 1.44
2.64 1.44
3.38 1.44
3.78 1.44
2.95 1.44
3.11 1.63
3.01 1.53
2.87 1.53
2.63 1.44
2.04 1.53
1.73 1.63
1.88 1.44
1.94 1.44
1.95 1.44
1.98 1.44
1.97 1.44
1.98 1.34
1.97 1.44
1.95 1.34
1.95 1.44
2.01 1.44
1.94 1.44
1.90 1.44
1.87 1.24
1.41 1.44
1.51 1.44
1.77 1.44
2.00 1.44
2.17 1.44
2.07 1.44
1.75 1.24
1.79 1.34
1.88 1.44
1.93 1.34
1.95 1.44
1.97 1.44
1.94 1.44
1.94 1.34
1.93 1.34
1.92 1.44
1.90 1.34
2.00 1.44
1.82 1.44
1.82 1.34
1.97 1.34
1.13 1.34
1.46 2.02
1.74 1.44
1.84 1.34
1.91 1.44
1.78 1.44
1.62 1.24
1.69 1.44
1.67 1.63
1.66 1.44
1.64 1.44
1.69 1.93
1.74 1.34
1.75 1.34
1.76 1.34
1.77 1.73
1.87 1.34
1.95 1.44
1.96 1.34
2.18 1.44
3.46 1.34
1.88 1.34
2.12 1.44
2.26 1.34
2.27 1.24
2.18 1.44
1.81 1.63
1.82 1.34
1.84 1.34
1.77 1.44
1.73 1.34
1.79 1.24
1.78 1.34
1.67 1.34
1.59 1.34
1.60 1.34
1.72 1.44
1.88 1.73
1.99 1.34
1.87 1.44
1.87 1.34
3.01 1.34
1.51 1.34
1.75 1.44
1.88 1.34
1.93 1.34
1.96 1.24
1.74 1.34
1.78 1.34
1.77 1.34
1.88 1.34
1.85 1.34
1.91 1.24
1.80 1.34
1.80 1.34
1.74 1.44
1.89 1.34
1.92 1.44
1.94 1.83
1.99 1.34
1.80 1.34
1.82 1.34
3.60 1.44
1.11 1.34
1.45 1.34
1.57 1.34
1.61 1.34
1.52 1.34
1.54 1.34
1.79 1.34
1.88 1.34
1.92 1.24
1.79 1.24
1.72 1.34
1.87 1.34
2.08 1.34
2.33 1.34
2.40 1.34
2.32 1.44
2.24 1.34
2.24 1.24
2.25 1.44
2.22 1.44
2.22 1.34
2.00 1.34
1.71 1.63
1.88 1.34
2.02 1.44
2.11 1.34
2.10 1.44
1.87 1.34
1.82 1.34
1.72 1.34
1.50 1.34
1.00 1.44
0.69 1.44
0.72 1.44
0.98 1.34
1.24 1.44
1.47 1.44
1.55 1.63
1.59 1.53
1.63 1.44
1.81 1.53
1.76 1.44
1.80 1.53
3.27 1.63
0.72 1.53
0.91 1.53
1.24 1.44
1.56 1.44
1.75 1.44
1.45 1.44
1.47 1.44
1.62 1.73
1.72 1.53
1.72 1.53
1.77 1.44
1.85 1.44
1.87 1.44
1.84 2.12
1.76 1.44
1.66 1.44
1.63 1.34
1.61 1.53
1.66 1.44
1.71 1.53
1.70 1.53
1.55 1.44
1.66 1.44
3.71 1.44
1.26 1.53
1.69 1.53
1.94 2.12
1.79 1.44
1.63 1.44
1.41 1.44
1.55 1.34
1.65 1.63
1.85 1.53
1.84 1.44
1.72 1.53
1.65 1.44
1.60 1.53
1.74 1.44
1.76 1.53
1.78 1.53
1.71 1.24
1.56 1.44
1.39 1.44
1.27 1.44
1.28 1.44
1.24 1.44
1.82 1.44
1.15 1.44
1.56 1.44
1.50 1.53
1.27 2.02
1.59 1.44
1.50 1.53
1.60 1.44
1.86 1.44
1.99 1.53
1.84 1.53
2.25 1.53
2.82 1.53
3.29 1.44
3.19 1.44
2.47 1.53
1.84 1.44
1.63 1.44
2.07 1.44
2.27 1.53
2.24 1.44
2.30 1.44
1.61 1.53
1.95 1.53
0.72 1.44
0.00 1.53
0.79 1.53
1.30 1.53
1.69 1.53
2.79 1.34
2.41 1.44
0.98 1.44
0.00 1.44
0.00 1.44
0.00 1.53
0.00 1.44
0.00 1.53
0.00 1.44
0.00 1.44
0.00 1.44
0.00 1.44
0.00 1.44
0.00 1.44
1.32 1.73
4.65 1.44
5.00 1.44
5.00 1.44
5.00 1.44
3.45 1.44
0.05 1.44
0.00 1.24
0.00 1.53
0.00 1.44
0.00 1.44
0.00 1.44
0.00 1.63
0.00 1.44
0.00 1.53
0.00 1.44
0.00 1.44
0.00 1.44
0.00 1.44
0.00 1.44
0.08 1.44
1.09 1.44
0.00 1.34
0.00 1.44
0.01 1.44
0.00 1.34
0.00 1.44
0.02 1.44
0.15 1.24
0.48 1.44
0.69 1.44
0.56 1.24
0.64 1.53
0.73 1.44
0.76 1.53
0.76 1.34
0.79 1.44
0.81 1.93
0.77 1.24
0.84 1.44
0.86 1.44
0.78 1.44
0.83 1.44
1.69 1.44
0.34 1.53
0.33 1.63
0.30 1.44
0.41 1.63
0.61 1.44
0.47 1.53
0.45 1.44
0.57 1.44
0.55 1.44
0.63 1.44
0.59 1.63
0.53 1.44
0.59 1.44
0.99 1.44
1.28 1.44
1.32 1.44
1.33 1.53
1.51 1.44
1.80 1.34
1.82 1.44
1.43 1.44
1.22 1.44
3.12 1.53
0.29 1.34
0.40 1.34
0.68 1.34
1.03 1.34
1.06 1.34
0.50 1.24
0.24 1.44
0.17 1.53
0.82 1.44
1.43 1.34
1.27 1.34
0.83 1.34
0.50 1.34
0.75 1.34
1.37 1.44
1.95 1.24
2.23 1.34
2.36 1.44
2.43 1.44
2.22 1.44
2.06 1.34
4.34 1.34
2.89 1.34
3.27 1.34
3.04 1.34
2.71 1.34
2.41 1.34
2.75 1.44
2.67 1.24
2.87 1.34
2.89 1.34
2.49 1.34
2.19 1.34
2.31 1.24
2.35 1.34
2.36 1.34
2.27 1.44
2.17 1.44
2.24 1.34
2.55 1.44
2.35 1.44
2.44 1.44
2.71 1.44
2.11 1.24
2.07 1.44
2.21 1.53
2.16 1.63
1.66 1.53
2.31 1.44
2.64 1.44
2.97 1.63
2.94 1.44
2.91 1.44
2.85 1.44
2.97 1.63
3.16 1.44
3.34 1.53
3.37 1.53
3.12 1.44
2.80 1.53
2.60 1.53
2.58 1.44
4.16 1.53
2.31 1.53
2.15 1.83
2.20 1.53
2.04 1.53
2.31 1.44
2.83 1.63
2.35 1.63
2.09 1.53
1.83 1.53
1.80 1.73
1.39 1.63
0.69 1.63
0.81 1.63
1.27 1.73
2.10 1.63
2.97 1.63
3.17 1.63
3.84 1.73
1.73 1.63
1.96 1.63
2.17 1.63
2.11 1.63
1.92 1.63
2.14 1.63
2.32 1.73
2.38 1.73
2.46 1.73
2.47 1.63
2.67 1.93
2.93 1.63
2.71 1.63
2.88 1.63
3.26 1.63
3.36 1.63
3.36 1.73
3.85 1.83
3.31 1.73
3.83 1.63
3.83 1.63
3.79 1.63
3.60 1.73
3.23 1.73
2.82 1.63
3.33 1.73
3.09 1.73
3.09 1.73
3.09 1.73
3.12 1.93
3.28 1.63
3.34 1.63
3.26 1.63
3.10 1.73
2.77 1.73
2.61 1.73
4.73 1.93
1.83 1.73
2.18 1.73
2.41 1.73
2.55 1.73
2.64 1.73
2.16 1.83
2.14 1.73
2.14 1.73
2.32 1.83
2.50 2.32
2.41 2.22
2.31 1.73
2.23 1.73
2.25 1.83
1.98 1.83
2.22 2.32
2.48 1.83
3.04 1.83
3.36 1.93
2.39 1.73
2.41 1.83
2.06 1.83
1.82 1.73
1.80 1.83
1.86 1.93
1.79 1.83
2.18 1.83
2.52 1.83
2.90 2.41
3.07 1.83
3.00 1.83
2.80 1.83
2.60 1.83
2.56 1.83
2.59 1.93
2.64 1.93
2.61 2.12
2.39 1.83
2.52 1.93
2.96 1.93
1.96 1.93
1.99 1.93
2.03 2.02
2.00 1.93
2.19 1.93
2.19 1.83
2.53 1.93
2.88 1.93
2.70 1.93
2.56 1.93
2.57 1.93
2.89 1.63
3.30 1.93
3.67 2.02
3.97 1.93
4.07 1.93
4.05 1.93
3.92 1.93
3.67 1.93
3.44 1.83
3.35 1.93
3.08 1.93
2.86 2.02
2.77 2.02
1.96 1.93
2.23 2.12
2.51 2.02
2.69 2.02
2.75 2.02
2.53 2.51
2.13 2.22
2.21 2.02
2.30 2.02
2.33 2.02
2.37 2.41
2.40 1.93
2.36 2.02
2.36 2.12
2.39 1.93
2.43 2.02
2.38 2.22
2.27 2.02
2.15 2.02
2.15 2.02
2.52 2.02
2.48 1.93
2.22 2.02
2.06 2.02
1.67 2.61
1.79 1.83
2.10 2.02
2.23 2.02
2.21 2.51
2.22 1.93
2.07 2.02
2.16 1.63
2.24 2.02
2.19 2.02
2.16 2.02
2.19 2.02
2.21 2.02
2.22 2.02
2.21 2.02
2.19 2.02
2.20 2.02
2.27 1.83
2.28 2.02
2.35 2.12
2.28 2.02
2.19 1.83
2.13 2.02
2.44 1.93
1.70 2.02
1.97 2.12
2.03 2.12
1.94 1.93
1.89 2.02
1.71 2.02
1.74 2.02
1.88 1.93
1.97 2.02
2.05 2.02
2.11 1.93
2.13 2.02
2.13 1.93
2.10 1.93
2.07 2.02
2.07 2.02
2.12 2.02
2.19 2.02
2.04 2.02
1.99 2.02
4.02 2.02
1.52 2.02
1.91 2.12
2.07 2.02
2.10 2.02
2.11 1.83
1.93 2.02
1.96 2.02
2.01 2.02
1.98 2.22
1.89 2.02
1.88 2.12
1.95 2.02
2.00 2.12
2.04 2.02
2.07 2.02
2.09 2.71
2.11 2.02
2.16 2.02
2.18 2.12
2.16 2.12
2.12 2.02
1.76 2.02
1.69 2.12
1.96 2.12
2.13 2.02
2.23 2.02
2.17 2.02
1.85 2.12
1.98 2.02
2.07 2.12
2.03 2.22
2.00 2.12
2.03 2.12
2.08 2.12
2.05 2.12
2.07 2.12
2.08 2.12
2.08 2.22
2.13 2.12
2.12 2.02
1.99 2.22
1.92 2.12
4.44 2.22
1.10 2.32
1.51 2.22
1.82 2.22
2.05 2.22
2.17 2.32
1.69 2.22
1.86 2.22
2.04 2.22
2.09 2.32
2.05 2.22
1.99 2.32
2.00 2.32
1.79 2.22
1.83 2.22
2.00 2.32
2.10 2.32
2.09 2.41
2.09 2.32
2.04 2.32
2.02 2.22
2.03 2.12
1.75 2.12
1.69 2.12
2.00 2.02
2.14 2.02
2.27 2.12
2.12 1.93
1.79 2.02
1.87 1.93
1.88 1.93
1.86 1.83
1.86 1.93
1.85 1.83
1.88 1.83
2.08 1.93
2.21 1.93
2.25 1.93
2.28 2.12
2.24 2.02
2.23 1.93
2.26 2.02
2.07 1.93
2.10 1.93
4.18 1.93
1.34 1.93
1.70 2.02
1.90 2.02
2.02 1.83
2.14 2.02
1.80 2.02
1.74 1.93
1.84 1.93
1.88 1.93
1.82 1.93
1.87 1.93
1.88 2.22
1.94 1.93
2.08 1.53
2.01 1.53
1.97 1.53
2.02 1.73
2.09 1.44
2.16 1.53
2.26 1.63
2.14 1.44
2.14 1.53
3.08 1.63
1.40 1.53
1.76 1.53
1.98 1.53
2.07 1.53
2.16 1.63
1.97 1.93
1.93 1.53
2.01 1.34
2.02 1.53
2.00 1.63
2.00 1.53
2.03 1.53
2.06 1.53
2.06 1.53
2.03 1.53
2.00 1.73
1.97 1.53
1.95 1.53
1.93 1.53
1.96 1.53
1.96 1.63
1.82 1.53
1.85 1.53
4.54 1.53
1.28 1.53
1.65 1.53
1.85 1.44
1.93 1.53
2.05 2.02
1.68 1.53
1.63 1.63
1.60 1.53
1.48 1.53
1.24 1.53
1.76 1.53
2.01 1.53
1.91 1.53
1.72 1.53
1.55 1.53
1.70 1.53
1.42 1.53
1.11 1.53
0.79 1.53
0.65 1.53
0.59 1.53
0.69 1.53
1.10 1.53
0.31 1.53
0.52 1.53
0.58 1.53
0.80 1.53
1.10 1.44
1.34 1.53
1.11 1.53
1.00 1.44
1.03 1.53
1.36 1.53
1.54 1.44
1.56 1.44
1.71 1.44
1.93 1.44
1.88 1.44
1.78 1.44
1.85 1.34
1.92 1.44
2.03 1.24
2.01 1.24
2.30 1.44
4.36 1.44
2.66 1.44
2.82 1.44
2.68 1.44
2.21 1.53
1.74 1.53
2.33 1.53
2.29 1.63
2.18 1.63
1.79 1.73
1.49 1.63
1.65 1.63
1.81 1.73
1.93 1.73
1.78 1.73
1.98 1.83
2.15 1.93
2.29 2.02
2.17 1.73
2.14 1.63
2.79 1.83
1.24 1.93
1.87 1.93
1.82 1.83
1.87 1.93
2.04 1.83
2.37 1.93
2.45 1.63
2.38 2.02
2.27 1.83
2.44 2.51
2.46 1.83
2.46 1.93
2.41 2.02
2.36 2.02
2.34 2.12
2.27 1.83
2.34 2.02
3.62 2.02
2.00 2.02
2.41 2.02
3.98 2.12
4.99 2.02
3.75 1.83
0.22 1.93
4.91 1.93
4.98 1.83
4.95 1.53
3.00 1.53
0.08 1.73
1.19 1.63
0.00 1.63
0.00 1.53
0.01 1.53
0.00 1.44
0.03 1.63
0.33 1.63
0.94 1.63
0.58 1.63
0.95 1.73
1.37 1.73
1.26 1.63
1.37 1.63
1.96 1.73
1.79 1.73
1.54 1.73
1.29 1.73
1.75 1.73
1.89 1.73
1.30 1.73
0.95 1.73
0.86 1.83
1.39 1.73
1.73 1.73
2.03 1.63
2.33 1.73
2.29 1.83
2.51 1.83
2.40 1.93
2.43 1.83
2.54 1.83
2.22 2.41
1.71 1.83
1.17 1.93
1.04 1.93
0.98 1.93
1.22 1.93
1.26 1.83
2.75 2.02
1.26 2.22
1.39 2.12
1.63 2.12
1.86 2.22
2.21 2.02
2.78 2.22
2.35 2.32
1.41 2.32
0.80 2.22
1.80 2.22
2.51 2.71
2.81 2.22
2.69 2.02
2.27 2.61
2.30 2.22
2.80 2.71
2.31 2.02
2.77 2.51
2.80 2.32
2.69 2.32
2.23 2.32
1.76 2.41
1.77 2.32
1.61 2.22
1.13 2.22
0.65 2.32
1.06 2.32
1.62 2.22
1.82 2.32
1.89 2.41
0.95 2.32
1.37 2.41
1.87 2.41
2.39 2.41
2.77 2.41
2.46 2.51
2.05 2.51
2.00 2.41
1.96 2.51
1.71 2.61
1.45 2.71
1.31 2.71
1.63 2.61
2.17 2.61
2.55 2.61
4.76 2.71
1.82 2.61
2.20 2.71
2.56 2.71
2.72 2.90
2.92 2.90
2.45 2.41
2.52 2.81
2.45 2.90
2.35 2.90
2.21 2.90
2.07 2.81
1.93 3.00
2.01 2.90
2.02 2.90
2.01 2.90
2.09 3.10
1.60 3.00
1.67 3.00
1.42 3.00
0.60 3.00
0.04 3.00
0.15 3.10
0.25 3.20
0.60 3.10
0.92 3.10
1.14 3.10
1.61 3.20
2.06 3.20
2.51 3.10
2.87 3.20
2.67 3.20
2.33 3.10
2.18 3.10
3.27 3.00
1.38 2.90
1.65 2.90
1.89 2.81
2.15 2.81
2.11 2.81
2.06 2.81
2.17 2.81
2.11 2.71
1.89 2.71
1.63 2.71
1.27 2.41
1.37 2.71
1.44 2.61
1.01 2.61
0.81 2.81
1.27 2.61
1.55 2.81
1.75 2.61
2.84 2.81
1.47 2.51
1.88 2.51
2.37 2.51
2.75 2.41
2.80 2.41
3.05 2.41
2.83 2.51
2.57 2.41
2.07 2.41
1.73 2.41
1.85 2.41
1.90 2.41
1.75 2.41
1.56 2.41
1.09 2.22
0.98 2.41
1.17 2.41
0.88 2.41
1.04 2.51
1.47 2.41
1.74 2.41
1.60 2.51
1.93 2.81
2.14 2.41
2.21 2.61
2.26 2.51
2.41 2.51
2.48 2.51
2.60 3.10
2.92 2.61
2.91 2.61
2.67 2.61
2.41 2.61
2.30 2.41
3.82 2.61
1.59 2.61
1.74 2.71
1.85 2.71
1.77 2.81
1.69 2.71
1.42 2.71
1.63 2.81
1.82 2.41
2.15 2.71
2.10 2.81
1.92 2.81
2.10 2.81
2.41 2.61
2.40 2.81
2.15 2.90
2.15 2.90
4.57 2.81
1.30 2.81
1.60 3.39
1.70 3.00
1.77 2.90
1.90 2.90
1.78 2.90
1.90 2.81
1.94 2.81
2.08 3.00
2.14 3.00
2.17 3.00
2.14 3.00
2.08 3.10
2.27 2.81
2.33 3.00
2.21 3.00
2.16 3.00
4.08 3.10
1.63 3.10
1.97 3.10
2.17 3.10
2.16 3.20
2.20 3.29
2.05 3.10
1.98 3.10
1.93 3.10
1.93 3.10
2.00 3.00
2.06 3.20
2.11 3.69
1.98 3.00
1.58 3.20
1.52 3.10
1.75 3.00
1.88 3.10
1.81 3.10
1.68 3.10
2.13 3.10
1.26 3.10
1.57 3.10
1.73 3.20
1.76 3.10
2.00 3.10
2.06 3.10
2.11 3.10
1.94 3.10
1.80 3.10
1.83 3.10
1.96 3.10
2.15 3.00
2.37 3.10
2.41 3.10
2.37 3.10
2.21 3.00
2.13 3.00
2.01 3.00
1.88 3.10
1.72 3.00
1.56 2.81
1.72 3.10
2.27 3.00
2.34 3.10
1.97 3.10
1.81 3.00
1.75 3.10
1.79 3.00
1.81 3.10
1.76 3.00
1.54 2.90
1.34 2.90
1.38 3.00
1.24 2.90
1.28 2.81
1.45 2.81
1.39 2.41
1.11 2.71
0.89 2.81
1.45 2.81
1.91 2.71
1.88 2.71
1.77 2.71
1.93 2.71
2.11 2.71
2.14 2.61
2.35 2.71
2.06 2.61
1.60 2.61
1.51 2.61
1.69 2.61
1.89 2.61
1.97 2.61
1.81 2.71
1.71 2.61
1.83 2.61
2.15 2.41
2.44 2.61
2.34 2.61
2.27 2.61
2.27 2.71
1.75 2.61
1.74 2.61
1.85 2.61
1.85 2.81
1.85 2.61
1.95 2.71
1.98 2.61
2.00 2.81
1.92 2.61
1.85 2.61
1.84 2.51
2.11 3.00
2.50 2.61
2.42 2.61
2.03 2.61
1.97 2.61
2.08 2.61
2.14 2.61
1.97 2.41
1.98 2.61
4.10 3.00
1.32 2.61
1.57 2.71
1.79 2.51
1.94 2.51
1.98 2.61
1.86 2.61
1.67 2.61
1.65 2.61
1.75 2.61
1.87 2.61
1.94 2.61
1.85 2.61
1.77 2.61
1.83 2.71
1.90 2.71
1.93 2.61
1.97 3.20
2.01 2.61
1.89 2.71
1.86 2.71
3.93 2.61
1.27 2.61
1.54 2.61
1.74 2.61
1.70 2.61
1.46 2.61
1.17 2.71
1.37 2.51
1.72 2.61
1.85 2.61
1.96 2.71
1.95 2.71
1.94 2.61
1.86 2.61
1.80 2.51
1.79 2.71
1.91 2.61
1.93 3.00
1.94 2.71
1.83 2.61
1.66 2.61
1.77 2.61
3.92 2.51
1.48 2.61
1.69 2.61
1.89 2.71
1.91 2.61
1.91 2.51
1.91 2.51
1.88 2.71
1.98 2.41
2.10 2.51
2.18 2.51
2.10 2.51
1.97 2.71
1.83 2.51
1.80 2.51
1.87 2.51
1.74 2.61
1.63 2.51
1.53 2.51
1.56 2.41
1.49 2.51
1.63 2.51
2.82 2.41
1.22 2.71
1.60 2.51
2.04 2.51
2.28 2.51
2.29 2.51
2.43 2.51
2.29 2.51
2.23 2.61
2.18 2.61
2.12 2.51
2.07 2.51
2.05 2.51
2.00 2.51
1.97 2.41
1.98 2.41
1.99 2.51
1.94 2.51
1.90 2.81
1.87 2.51
1.68 2.41
1.68 2.51
2.82 2.61
1.17 2.51
1.35 2.51
1.59 2.41
1.97 2.41
2.35 2.81
2.29 2.41
2.33 2.51
2.23 2.51
2.04 2.41
1.88 2.41
1.71 2.41
1.46 2.32
0.95 2.32
0.47 2.32
0.61 2.51
0.97 2.32
1.29 2.32
1.44 2.22
1.37 2.51
1.50 2.22
2.22 2.41
1.08 2.22
1.52 2.22
1.77 2.22
1.75 2.32
1.42 2.22
1.20 2.22
1.11 2.22
1.34 2.32
1.67 2.22
1.80 2.12
1.78 2.22
1.81 2.12
1.93 2.12
2.15 2.12
2.24 2.12
2.12 2.12
1.91 2.12
1.85 2.12
1.90 2.12
1.81 2.12
1.92 2.02
3.82 2.12
1.41 2.12
1.72 2.02
1.91 2.02
1.96 2.12
2.08 2.02
1.94 2.02
1.89 2.02
1.94 2.41
1.97 2.02
1.99 2.02
1.97 2.02
1.97 2.12
1.95 2.02
1.96 1.83
1.96 2.02
1.94 2.02
1.94 2.02
1.96 2.02
2.01 2.02
1.99 2.02
1.88 1.83
1.95 2.02
3.58 2.02
