1.77
1.80
1.84
1.88
1.89
1.93
1.92
1.99
1.96
2.04
2.01
2.06
1.92
1.80
1.58
1.50
1.43
1.44
1.45
1.49
1.53
1.56
1.60
1.60
1.67
1.65
1.73
1.70
1.77
1.74
1.79
1.76
1.79
1.77
1.78
1.78
1.78
1.80
1.78
1.82
1.80
1.85
1.80
1.85
1.80
1.84
1.79
1.82
1.78
1.80
1.76
1.76
1.75
1.74
1.74
1.73
1.75
1.72
1.77
1.73
1.79
1.74
1.80
1.78
1.85
1.83
1.88
1.90
1.92
1.92
1.86
1.84
1.79
1.80
1.78
1.83
1.81
1.85
1.82
1.87
1.84
1.87
1.85
2.70
4.00
3.53
1.92
1.20
1.26
1.38
1.49
1.52
1.62
1.62
1.68
1.64
1.67
1.57
1.55
1.50
1.56
1.59
1.64
1.67
1.71
1.77
1.82
1.91
1.95
2.03
2.00
1.95
1.77
1.69
1.58
1.59
1.58
1.67
1.66
1.69
1.69
1.70
1.72
1.72
1.79
1.81
1.89
1.88
1.94
1.90
1.96
1.92
1.95
1.92
1.95
1.92
1.91
1.89
1.89
1.88
1.85
1.88
1.83
1.86
1.81
1.87
1.82
1.87
1.83
1.88
1.85
1.87
1.86
1.87
1.86
1.85
1.86
1.84
1.87
1.84
1.89
1.86
1.94
1.89
1.94
1.89
1.93
1.90
1.95
1.94
1.94
1.97
1.97
1.96
1.90
1.88
1.81
1.83
1.78
1.80
1.72
1.69
1.56
1.54
1.51
1.56
1.56
1.99
3.41
3.81
2.40
1.27
1.16
1.28
1.45
1.51
1.63
1.66
1.77
1.80
1.89
1.90
1.96
1.97
2.01
2.02
2.02
2.03
2.00
2.02
1.97
1.99
1.95
2.00
1.97
1.96
1.80
1.70
1.56
1.53
1.51
1.57
1.58
1.63
1.67
1.70
1.75
1.76
1.82
1.81
1.86
1.84
1.88
1.85
1.87
1.82
1.85
1.85
1.82
1.81
1.80
1.81
1.78
1.81
1.79
1.84
1.81
1.86
1.82
1.86
1.82
1.87
1.85
1.88
1.87
1.89
1.89
1.91
1.90
1.87
1.91
1.87
1.92
1.87
1.92
1.88
1.93
1.90
1.93
1.91
1.91
1.89
1.89
1.89
1.88
1.91
1.92
1.95
1.94
1.99
1.92
1.93
1.83
1.90
1.77
1.80
1.75
1.76
1.87
2.07
2.14
2.16
2.28
2.38
2.63
4.09
4.77
3.67
2.32
2.03
2.22
2.21
2.21
2.14
2.11
2.01
1.98
2.02
2.02
2.04
1.99
1.97
1.93
1.97
2.10
2.27
2.43
2.58
2.69
2.86
2.90
2.97
2.95
2.82
2.60
2.43
2.25
2.11
2.00
1.80
1.63
1.40
1.19
0.97
0.74
0.47
0.23
0.07
0.01
0.00
0.00
0.00
0.00
0.00
0.00
0.00
0.00
0.00
0.00
0.01
0.00
0.00
0.00
0.00
0.05
0.60
1.43
2.37
3.15
3.87
4.26
4.44
4.46
4.09
3.63
3.02
2.34
1.74
1.50
1.37
1.46
1.48
1.48
1.74
1.96
2.12
2.21
2.19
2.09
1.97
1.80
1.79
1.74
1.73
1.68
1.82
1.95
2.18
2.35
2.56
2.64
2.73
2.78
2.79
2.75
2.67
2.58
2.49
3.43
4.51
3.81
2.44
1.90
1.92
2.10
2.20
2.22
2.22
2.22
2.20
2.16
2.09
2.01
1.98
1.90
1.92
1.88
1.92
1.88
1.98
2.00
2.06
2.08
2.17
2.26
2.35
2.34
2.28
2.19
2.07
2.04
2.01
2.01
1.94
1.93
1.88
1.87
1.80
1.77
1.78
1.79
1.73
1.68
1.68
1.67
1.66
1.67
1.70
1.72
1.74
1.71
1.76
1.76
1.80
1.81
1.89
1.87
1.86
1.77
1.71
1.66
1.69
1.69
1.64
1.60
1.56
1.60
1.58
1.62
1.59
1.64
1.67
1.75
1.81
1.82
1.83
1.85
1.86
1.87
1.90
1.93
1.97
2.01
2.09
2.06
2.05
1.99
1.95
1.90
1.93
1.91
1.94
1.93
1.94
1.92
1.89
1.88
1.79
1.88
3.00
3.94
2.85
1.56
1.11
1.23
1.33
1.46
1.52
1.62
1.69
1.74
1.80
1.84
1.86
1.87
1.93
1.93
1.96
1.93
1.96
1.95
2.00
2.01
2.06
2.08
2.13
2.14
2.09
1.99
1.92
1.91
1.93
1.97
2.01
2.07
2.04
2.02
1.91
1.80
1.75
1.84
1.82
1.76
1.73
1.74
1.62
1.55
1.61
1.70
1.81
1.84
1.93
1.97
1.97
1.76
1.63
1.52
1.51
1.48
1.55
1.60
1.69
1.70
1.60
1.55
1.52
1.58
1.63
1.77
1.89
2.03
2.03
2.00
1.85
1.74
1.67
1.65
1.67
1.72
1.78
1.85
1.86
1.86
1.93
1.94
2.01
2.06
2.11
2.13
2.19
2.15
2.10
1.97
1.88
1.81
1.80
1.81
1.80
2.01
3.20
4.19
2.97
1.30
0.81
1.01
1.27
1.51
1.64
1.76
1.80
1.83
1.82
1.84
1.87
1.93
2.00
2.07
2.13
2.13
2.12
2.05
2.05
2.06
2.17
2.23
2.35
2.34
2.22
1.98
1.78
1.66
1.57
1.49
1.48
1.52
1.54
1.60
1.56
1.56
1.55
1.63
1.69
1.81
1.89
1.95
1.92
1.89
1.84
1.79
1.77
1.73
1.72
1.67
1.65
1.56
1.52
1.47
1.47
1.47
1.53
1.56
1.65
1.71
1.78
1.83
1.86
1.90
1.90
1.96
1.96
2.00
1.98
2.02
1.96
1.96
1.89
1.89
1.86
1.88
1.88
1.93
1.96
2.00
2.07
2.07
2.05
2.00
1.98
1.89
1.87
1.84
1.84
1.80
1.79
1.74
1.75
1.75
1.74
1.81
2.57
3.99
3.86
2.23
1.22
1.18
1.40
1.59
1.66
1.70
1.68
1.66
1.64
1.65
1.61
1.61
1.60
1.63
1.67
1.69
1.75
1.79
1.84
1.84
1.88
1.89
1.92
1.86
1.76
1.53
1.31
1.14
1.07
1.06
1.07
1.09
1.09
1.09
1.05
1.04
1.06
0.98
0.88
0.80
0.66
0.49
0.19
0.05
0.00
0.00
0.00
0.00
0.00
0.01
0.19
0.52
0.86
1.04
1.09
0.89
0.68
0.47
0.26
0.06
0.01
0.00
0.00
0.00
0.00
0.07
0.52
1.10
1.53
2.00
2.55
3.10
3.44
3.83
4.14
4.42
4.85
4.97
4.99
5.00
5.00
5.00
5.00
5.00
5.00
5.00
5.00
5.00
5.00
5.00
5.00
5.00
5.00
5.00
4.49
2.66
1.61
1.18
0.95
0.77
0.62
0.49
0.37
0.18
0.04
0.00
0.00
0.00
0.00
0.00
0.00
0.00
0.00
0.00
0.00
0.00
0.86
3.07
4.51
4.74
4.39
3.93
3.66
3.47
3.26
3.06
3.13
3.49
4.03
4.52
4.88
4.96
4.83
4.54
4.14
3.70
3.28
2.91
2.56
2.27
1.95
1.61
1.22
0.89
0.57
0.38
0.23
0.19
0.20
0.32
0.45
0.62
0.72
0.82
0.90
1.01
1.13
1.23
1.39
1.54
1.69
1.79
1.93
2.04
2.15
2.21
2.31
2.32
2.25
2.14
1.99
1.87
1.74
1.71
1.67
1.69
1.67
1.71
1.73
1.78
1.74
1.72
2.27
3.52
3.36
1.84
0.89
0.81
0.98
1.14
1.28
1.39
1.51
1.59
1.68
1.74
1.81
1.82
1.82
1.75
1.67
1.54
1.49
1.48
1.56
1.62
1.73
1.78
1.85
1.88
1.78
1.66
1.52
1.44
1.40
1.44
1.50
1.63
1.68
1.74
1.79
1.83
1.87
1.87
1.90
1.89
1.90
1.87
1.86
1.82
1.81
1.77
1.76
1.74
1.75
1.74
1.75
1.75
1.76
1.77
1.76
1.77
1.78
1.78
1.74
1.74
1.67
1.67
1.65
1.69
1.70
1.74
1.74
1.72
1.74
1.79
1.82
1.80
1.83
1.83
1.86
1.86
1.88
1.91
1.95
1.90
1.88
1.83
1.79
1.75
1.76
1.77
1.83
1.82
1.87
1.92
1.96
1.99
1.96
2.28
3.64
4.10
2.63
1.39
1.16
1.34
1.47
1.55
1.59
1.66
1.68
1.71
1.74
1.77
1.80
1.80
1.84
1.83
1.88
1.88
1.93
1.95
1.99
2.00
2.03
2.09
2.12
2.02
1.86
1.67
1.49
1.36
1.29
1.31
1.33
1.39
1.43
1.48
1.48
1.52
1.53
1.58
1.61
1.65
1.67
1.69
1.74
1.76
1.81
1.84
1.89
1.89
1.92
1.92
1.93
1.91
1.92
1.90
1.90
1.88
1.87
1.85
1.85
1.85
1.84
1.84
1.84
1.88
1.88
1.92
1.91
1.96
1.95
1.96
1.98
2.00
2.01
2.04
2.06
2.05
2.11
2.11
2.05
2.00
1.96
1.88
1.87
1.85
1.87
1.86
1.88
1.89
1.90
1.90
1.89
1.89
2.68
3.90
3.42
1.89
1.19
1.29
1.48
1.59
1.66
1.74
1.77
1.84
1.88
1.93
1.99
1.99
2.02
2.03
2.06
2.03
2.04
2.03
2.05
2.03
2.04
2.00
1.96
1.87
1.73
1.52
1.33
1.19
1.12
1.12
1.19
1.30
1.44
1.61
1.71
1.78
1.81
1.88
1.93
2.02
2.03
2.01
1.95
1.87
1.82
1.70
1.62
1.53
1.47
1.38
1.33
1.25
1.23
1.18
1.16
1.12
1.12
1.09
1.07
1.05
1.01
0.98
0.95
0.94
0.92
0.95
0.91
0.94
0.95
1.01
1.04
1.12
1.17
1.26
1.35
1.43
1.44
1.48
1.46
1.51
1.48
1.45
1.42
1.41
1.46
1.50
1.58
1.66
1.75
1.83
2.90
3.91
2.94
1.39
0.80
0.87
1.05
1.15
1.27
1.36
1.39
1.47
1.55
1.65
1.61
1.71
1.87
2.07
2.25
2.42
2.54
2.64
2.71
2.75
2.79
2.77
2.79
2.71
2.59
2.37
2.17
1.99
1.92
1.90
1.91
1.91
1.93
1.95
1.98
2.01
2.04
2.05
2.07
2.10
2.08
2.11
2.08
2.09
2.06
2.06
2.02
2.04
2.03
2.05
2.05
2.07
2.08
2.09
2.12
2.13
2.17
2.17
2.22
2.21
2.24
2.24
2.27
2.24
2.27
2.25
2.28
2.29
2.29
2.35
2.36
2.33
2.27
2.22
2.15
2.13
2.11
2.13
2.10
2.06
2.00
2.01
2.02
2.03
2.14
2.94
4.11
3.61
2.06
1.34
1.48
1.73
1.92
2.00
2.07
2.11
2.18
2.16
2.19
2.17
2.20
2.20
2.20
2.21
2.20
2.21
2.22
2.25
2.26
2.30
2.30
2.33
2.27
2.17
1.96
1.79
1.64
1.61
1.55
1.58
1.61
1.67
1.68
1.73
1.77
1.80
1.83
1.84
1.87
1.85
1.87
1.84
1.87
1.87
1.90
1.91
1.89
1.85
1.81
1.77
1.72
1.69
1.65
1.65
1.64
1.66
1.65
1.71
1.69
1.73
1.76
1.81
1.81
1.85
1.92
1.94
1.90
1.87
1.81
1.75
1.74
1.73
1.76
1.75
1.79
1.78
1.81
1.81
1.82
1.92
2.76
3.94
3.33
1.76
1.04
1.13
1.38
1.52
1.61
1.67
1.69
1.74
1.76
1.81
1.82
1.87
1.88
1.91
1.93
1.96
1.98
2.01
2.04
2.07
2.12
2.13
2.17
2.11
1.98
1.76
1.58
1.43
1.39
1.38
1.44
1.48
1.54
1.60
1.62
1.67
1.69
1.73
1.74
1.77
1.75
1.78
1.76
1.78
1.78
1.79
1.79
1.80
1.80
1.81
1.82
1.81
1.83
1.83
1.84
1.82
1.84
1.84
1.88
1.87
1.91
1.90
1.96
1.97
1.96
1.91
1.84
1.77
1.75
1.80
1.76
1.78
1.77
1.81
1.80
1.84
1.81
1.88
2.49
3.78
3.65
2.07
1.14
1.14
1.38
1.53
1.62
1.66
1.71
1.74
1.79
1.80
1.84
1.87
1.92
1.93
1.98
2.00
2.04
2.06
2.09
2.14
2.15
2.18
2.19
2.15
1.98
1.79
1.56
1.44
1.37
1.39
1.39
1.46
1.51
1.57
1.62
1.68
1.70
1.73
1.76
1.77
1.80
1.79
1.82
1.80
1.83
1.80
1.82
1.83
1.84
1.83
1.84
1.84
1.84
1.84
1.83
1.84
1.83
1.85
1.84
1.87
1.89
1.90
1.92
1.96
1.93
1.92
1.86
1.78
1.74
1.71
1.72
1.70
1.70
1.69
1.71
1.71
1.70
1.69
2.29
3.67
3.72
2.05
1.03
1.03
1.32
1.49
1.60
1.67
1.73
1.79
1.89
1.99
2.05
2.10
2.09
2.10
2.09
2.11
2.13
2.17
2.18
2.23
2.23
2.27
2.27
2.26
2.09
1.88
1.68
1.52
1.47
1.47
1.52
1.53
1.59
1.62
1.71
1.74
1.79
1.80
1.84
1.83
1.83
1.83
1.80
1.78
1.75
1.76
1.75
1.75
1.75
1.78
1.74
1.79
1.73
1.73
1.67
1.67
1.65
1.69
1.75
1.78
1.82
1.89
1.94
1.92
1.89
1.82
1.79
1.75
1.78
1.77
1.81
1.79
1.84
1.83
1.86
1.86
1.87
2.40
3.80
3.95
2.38
1.31
1.21
1.41
1.54
1.64
1.66
1.73
1.77
1.85
1.88
1.93
1.97
2.01
2.03
2.04
2.05
2.04
2.07
2.06
2.11
2.10
2.13
2.12
2.10
1.96
1.77
1.57
1.46
1.39
1.38
1.43
1.46
1.50
1.53
1.58
1.59
1.63
1.63
1.66
1.65
1.68
1.70
1.70
1.70
1.71
1.72
1.74
1.76
1.76
1.71
1.54
1.45
1.40
1.37
1.32
1.31
1.42
1.55
1.67
1.77
1.84
1.92
1.97
2.05
2.09
2.09
2.06
1.96
1.89
1.83
1.82
1.79
1.78
1.74
1.78
1.76
1.79
1.78
1.84
2.44
3.67
3.50
2.06
1.20
1.18
1.40
1.51
1.56
1.55
1.60
1.62
1.69
1.77
1.87
1.95
1.99
2.01
2.02
1.97
1.89
1.82
1.73
1.71
1.66
1.68
1.72
1.78
1.73
1.66
1.57
1.54
1.52
1.51
1.54
1.65
1.78
1.83
1.94
1.96
2.04
2.08
2.12
2.09
2.09
2.05
2.02
1.97
1.96
1.92
1.90
1.87
1.84
1.83
1.81
1.83
1.82
1.85
1.84
1.87
1.88
1.92
1.92
1.95
1.91
1.90
1.89
1.93
1.93
1.97
2.02
2.00
1.99
1.95
1.95
1.90
1.94
1.94
1.98
1.96
1.98
1.97
1.98
1.96
1.93
2.10
3.20
3.82
2.65
1.43
1.18
1.38
1.54
1.66
1.71
1.76
1.79
1.85
1.87
1.92
1.96
1.97
2.00
2.04
2.07
2.10
2.15
2.17
2.23
2.24
2.30
2.31
2.34
2.23
2.07
1.85
1.71
1.62
1.61
1.61
1.67
1.71
1.75
1.80
1.81
1.86
1.85
1.88
1.90
1.91
1.89
1.92
1.92
1.95
1.94
1.96
1.96
1.94
1.94
1.91
1.91
1.90
1.93
1.94
1.98
1.98
2.01
2.00
2.03
2.02
2.05
2.02
2.04
2.03
2.03
2.04
2.05
2.09
2.06
2.11
2.09
2.05
1.97
1.93
1.85
1.83
1.81
1.84
1.83
1.84
1.85
1.84
1.84
1.84
1.83
2.00
3.12
3.70
2.62
1.47
1.26
1.41
1.57
1.63
1.71
1.74
1.76
1.76
1.76
1.77
1.80
1.81
1.84
1.88
1.89
1.93
1.93
1.97
1.97
2.00
2.00
2.03
2.01
1.96
1.82
1.65
1.51
1.43
1.40
1.39
1.44
1.47
1.54
1.58
1.67
1.69
1.74
1.71
1.71
1.68
1.67
1.67
1.68
1.70
1.72
1.75
1.79
1.84
1.85
1.90
1.90
1.94
1.94
1.96
1.94
1.94
1.93
1.93
1.92
1.91
1.91
1.90
1.90
1.90
1.91
1.88
1.89
1.87
1.92
1.92
1.94
1.98
2.01
1.96
1.92
1.83
1.75
1.72
1.71
1.73
1.71
1.73
1.74
1.76
1.74
1.74
1.67
1.96
3.07
3.45
2.37
1.42
1.30
1.47
1.61
1.71
1.77
1.80
1.87
1.89
1.96
1.96
2.00
2.03
2.05
2.05
2.06
2.07
2.10
2.09
2.10
2.11
2.09
2.11
2.11
2.09
1.96
1.85
1.71
1.67
1.63
1.66
1.67
1.72
1.74
1.79
1.84
1.86
1.87
1.88
1.91
1.91
1.94
1.93
1.95
1.93
1.95
1.93
1.96
1.95
1.97
1.95
1.96
1.96
1.96
1.96
1.95
1.96
1.95
1.97
1.96
1.97
1.95
1.97
1.94
1.95
1.93
1.95
1.95
1.97
1.97
1.99
2.03
2.00
1.94
1.84
1.78
1.70
1.68
1.63
1.65
1.60
1.64
1.65
1.69
1.71
1.74
1.87
2.73
3.67
2.88
1.51
1.01
1.21
1.47
1.61
1.67
1.74
1.76
1.80
1.82
1.88
1.91
1.97
1.99
2.01
2.07
2.11
2.17
2.19
2.25
2.27
2.33
2.29
2.26
2.11
1.89
1.63
1.46
1.34
1.29
1.26
1.26
1.27
1.26
1.27
1.30
1.37
1.43
1.54
1.68
1.78
1.79
1.85
1.87
1.95
2.00
2.06
2.09
2.16
2.20
2.18
2.17
2.13
2.15
2.09
2.12
2.07
2.15
2.13
2.24
2.17
2.16
2.05
1.97
1.91
1.88
1.84
1.79
1.78
1.71
1.74
1.73
1.85
1.86
2.04
2.07
2.17
2.12
2.18
2.10
2.10
2.03
2.00
1.93
1.85
1.80
1.70
1.68
1.59
1.63
1.93
3.15
3.60
2.44
1.22
1.10
1.31
1.53
1.60
1.63
1.68
1.71
1.78
1.78
1.84
1.81
1.86
1.78
1.79
1.71
1.79
1.76
1.84
1.88
1.98
1.98
1.94
1.86
1.70
1.40
1.09
0.87
0.68
0.65
0.65
0.74
0.79
0.87
0.88
0.97
0.98
1.06
1.06
1.08
1.12
1.20
1.27
1.25
1.31
1.32
1.36
1.34
1.36
1.35
1.42
1.43
1.52
1.55
1.59
1.66
1.79
1.88
1.98
2.12
2.24
2.43
2.56
2.75
2.89
3.05
3.11
3.15
3.10
3.09
3.02
3.01
3.01
3.01
2.96
2.86
2.73
2.50
2.28
2.06
1.95
1.86
1.88
1.87
1.89
1.85
1.83
1.78
1.73
1.64
1.56
1.70
2.69
3.45
2.32
0.83
0.36
0.53
0.70
0.87
1.05
1.26
1.42
1.62
1.76
1.87
1.98
2.08
2.15
2.21
2.27
2.34
2.43
2.47
2.53
2.48
2.50
2.41
2.40
2.32
2.21
2.00
1.83
1.77
1.65
1.50
1.40
1.39
1.39
1.48
1.58
1.74
1.81
1.78
1.70
1.64
1.62
1.71
1.80
1.91
1.96
1.99
2.02
2.05
2.12
2.17
2.26
2.33
2.41
2.46
2.54
2.55
2.56
2.53
2.50
2.43
2.39
2.33
2.28
2.24
2.21
2.23
2.26
2.35
2.43
2.53
2.60
2.66
2.69
2.74
2.79
2.87
2.96
3.04
3.10
3.18
3.18
3.13
3.08
2.96
2.90
2.82
2.77
2.69
2.65
2.58
2.53
2.43
2.38
2.29
2.31
3.19
3.96
3.04
1.72
1.34
1.45
1.59
1.65
1.71
1.73
1.78
1.74
1.75
1.72
1.74
1.75
1.79
1.85
1.90
1.96
2.01
2.06
2.11
2.13
2.12
2.15
2.14
2.12
2.00
1.82
1.65
1.58
1.52
1.53
1.56
1.62
1.66
1.71
1.78
1.78
1.90
2.39
2.37
2.08
1.83
1.59
1.47
1.38
1.37
1.49
1.67
1.75
1.75
1.67
1.57
1.47
1.43
1.42
1.42
1.42
1.42
1.42
1.41
1.39
1.37
1.38
1.43
1.47
1.53
1.60
1.66
1.69
1.70
1.72
1.78
1.87
1.91
1.96
