2.03
1.21
1.87
1.43
1.63
1.66
1.42
1.96
1.29
2.21
1.15
2.38
1.09
2.66
1.82
2.91
1.09
1.86
1.26
2.10
1.55
1.95
1.96
1.84
2.37
1.67
2.72
1.52
2.97
1.44
3.09
1.45
3.10
1.57
2.99
1.80
2.78
2.09
2.51
2.43
2.17
2.68
1.83
2.82
1.51
2.90
1.30
2.93
1.28
2.90
1.38
2.75
1.59
2.53
1.88
2.23
2.19
1.93
2.53
1.65
2.78
1.43
2.93
1.29
2.99
1.26
2.90
1.36
2.73
1.57
2.48
1.88
2.18
2.23
1.90
2.58
1.64
2.87
1.43
3.04
1.31
3.10
1.31
3.02
1.40
2.78
1.61
2.49
1.91
2.18
2.28
1.90
2.64
1.65
2.91
1.44
3.11
1.32
3.11
1.29
2.99
1.39
2.76
1.61
2.49
1.96
2.22
2.35
1.91
2.67
1.63
2.98
1.44
3.17
1.33
3.19
1.31
3.06
1.58
3.24
1.66
2.10
1.86
2.20
2.43
1.97
2.81
1.70
3.07
1.47
3.21
1.33
3.22
1.33
3.09
1.44
2.84
1.69
2.55
2.04
2.24
2.44
1.96
2.83
1.69
3.11
1.46
3.18
1.29
3.05
1.23
2.86
1.33
2.62
1.58
2.36
1.93
2.08
2.34
1.83
2.71
1.58
3.01
1.40
3.17
1.30
3.17
1.31
3.02
1.42
2.75
1.66
2.44
2.00
2.16
2.39
1.86
2.76
1.60
3.03
1.40
3.19
1.30
3.18
1.32
3.05
1.43
2.78
1.67
2.45
2.01
2.15
2.39
1.86
2.77
1.60
3.06
1.42
3.21
1.31
3.21
1.31
3.04
1.44
2.76
1.67
2.45
2.03
2.17
2.41
1.82
2.69
1.51
2.99
1.39
3.28
1.36
3.30
1.37
3.18
1.81
3.04
1.61
2.14
1.98
2.18
2.50
1.91
2.86
1.63
3.14
1.44
3.28
1.34
3.25
1.34
3.08
1.49
2.82
1.76
2.53
2.15
2.23
2.58
1.96
2.97
1.69
3.23
1.47
3.28
1.32
3.15
1.29
2.94
1.42
2.70
1.71
2.43
2.10
2.16
2.51
1.87
2.87
1.61
3.11
1.39
3.17
1.26
3.09
1.27
2.89
1.41
2.63
1.67
2.32
2.00
2.01
2.35
1.73
2.68
1.47
2.93
1.30
3.05
1.23
3.04
1.28
2.88
1.42
2.60
1.65
2.29
1.97
2.00
2.36
1.74
2.71
1.51
3.01
1.35
3.16
1.29
3.18
1.37
3.04
1.47
2.67
1.71
2.36
2.07
2.07
2.47
1.81
2.79
1.56
3.38
1.64
2.88
1.09
3.05
1.32
3.04
1.51
2.76
1.76
2.43
2.12
2.13
2.52
1.85
2.89
1.61
3.15
1.43
3.26
1.34
3.25
1.39
3.09
1.56
2.83
1.84
2.48
2.15
2.07
2.40
1.70
2.66
1.44
2.89
1.28
3.00
1.21
3.00
1.27
2.88
1.44
2.67
1.72
2.37
2.06
2.03
2.43
1.79
2.80
1.55
3.04
1.39
3.16
1.31
3.14
1.34
2.96
1.49
2.67
1.75
2.36
2.07
2.04
2.42
1.78
2.76
1.52
2.99
1.34
3.08
1.28
3.06
1.30
2.90
1.46
2.63
1.73
2.34
2.07
2.06
2.46
1.80
2.80
1.53
2.95
1.30
3.05
1.25
3.02
1.29
2.86
1.44
2.67
2.10
2.61
1.83
1.60
2.26
1.68
2.70
1.48
2.95
1.33
3.09
1.27
3.02
1.28
2.80
1.40
2.53
1.67
2.26
2.07
2.03
2.47
1.82
2.93
1.66
3.28
1.54
3.46
1.52
3.46
1.62
3.35
1.90
3.17
2.44
3.01
2.95
2.75
3.37
2.48
3.65
2.21
3.79
1.96
3.76
1.82
3.63
1.84
3.42
2.04
3.15
2.37
2.86
2.76
2.55
3.18
2.29
3.47
2.03
3.62
1.82
3.59
1.62
3.30
1.50
2.79
1.44
2.25
1.55
1.92
1.88
1.75
2.28
1.56
2.49
1.27
2.41
0.99
2.26
0.86
2.11
0.89
1.90
1.02
1.74
1.24
1.53
1.58
1.46
1.97
1.30
2.37
1.39
2.73
1.02
2.06
0.84
2.32
1.01
2.18
1.16
1.97
1.40
1.77
1.74
1.59
2.08
1.41
2.40
1.26
2.61
1.13
2.65
1.10
2.66
1.21
2.54
1.38
2.28
1.60
1.96
1.79
1.56
1.96
1.28
2.16
1.08
2.28
0.95
2.41
0.98
2.46
1.08
2.35
1.28
2.18
1.56
1.93
1.86
1.68
2.14
1.44
2.41
1.25
2.63
1.15
2.76
1.14
2.75
1.26
2.66
1.47
2.46
1.75
2.17
2.07
1.93
2.47
1.70
2.79
1.51
3.01
1.37
3.09
1.33
3.00
1.38
2.83
1.54
2.52
1.81
2.25
2.17
1.99
2.55
1.71
2.73
1.45
2.93
1.33
3.04
1.31
3.00
1.38
2.81
1.76
3.08
1.84
1.83
1.94
1.83
2.41
1.62
2.65
1.35
2.70
1.15
2.69
1.08
2.54
1.09
2.20
1.14
1.83
1.28
1.51
1.45
1.23
1.67
1.05
1.83
0.85
1.95
0.75
2.01
0.75
2.02
0.85
2.02
1.12
2.06
1.54
2.01
1.96
1.82
2.35
1.60
2.74
1.47
3.08
1.40
3.26
1.42
3.29
1.55
3.15
1.75
2.90
2.09
2.61
2.47
2.29
2.87
1.99
3.20
1.75
3.39
1.57
3.45
1.51
3.36
1.56
3.15
1.73
2.82
2.00
2.49
2.34
2.14
2.69
1.84
3.01
1.62
3.24
1.48
3.30
1.39
3.12
1.42
2.94
1.57
2.60
1.87
2.30
2.19
2.00
2.92
2.05
2.59
1.22
2.89
1.31
3.13
1.32
3.04
1.38
2.83
1.56
2.57
1.86
2.27
2.20
1.96
2.56
1.70
2.87
1.48
3.08
1.37
3.19
1.36
3.12
1.45
2.91
1.60
2.51
1.79
2.09
2.05
1.79
2.39
1.56
2.70
1.37
2.91
1.27
2.99
1.25
2.93
1.33
2.72
1.52
2.42
1.80
2.14
2.15
1.87
2.49
1.61
2.77
1.40
2.96
1.29
3.00
1.26
2.92
1.38
2.70
1.53
2.43
1.83
2.15
2.17
1.87
2.51
1.61
2.78
1.40
2.95
1.29
3.02
1.27
2.92
1.37
2.74
1.59
2.50
1.86
2.10
2.14
1.80
2.46
1.56
2.75
1.36
2.89
1.23
3.05
1.61
3.21
1.24
2.22
1.41
2.37
1.84
2.09
2.17
1.79
2.46
1.52
2.73
1.35
2.94
1.26
2.97
1.26
2.87
1.38
2.68
1.60
2.43
1.92
2.17
2.30
1.91
2.64
1.61
2.75
1.31
2.79
1.15
2.74
1.13
2.66
1.27
2.52
1.54
2.34
1.90
2.09
2.28
1.85
2.61
1.59
2.85
1.38
3.02
1.29
3.03
1.28
2.93
1.41
2.68
1.64
2.45
1.95
2.12
2.32
1.82
2.60
1.57
2.86
1.39
3.03
1.30
3.04
1.31
2.92
1.41
2.68
1.64
2.38
1.95
2.08
2.30
1.83
2.65
1.60
2.89
1.37
2.96
1.25
2.95
1.26
2.86
1.42
2.64
1.65
2.47
2.49
2.35
2.06
1.49
2.58
1.57
2.93
1.40
3.06
1.30
3.03
1.30
2.87
1.42
2.64
1.66
2.36
1.97
2.07
2.34
1.82
2.69
1.60
3.00
1.46
3.16
1.37
3.13
1.35
2.87
1.38
2.50
1.55
2.19
1.86
1.92
2.19
1.67
2.52
1.45
2.78
1.29
2.88
1.20
2.85
1.23
2.72
1.37
2.50
1.60
2.23
1.90
1.97
2.24
1.73
2.59
1.52
2.84
1.35
2.96
1.26
2.93
1.31
2.77
1.41
2.48
1.61
2.19
1.89
1.91
2.25
1.68
2.58
1.48
2.83
1.34
2.95
1.29
2.96
1.30
2.68
1.39
2.42
1.60
2.12
1.88
1.82
2.17
1.55
2.74
1.88
2.63
1.03
2.42
1.03
2.70
1.19
2.64
1.37
2.45
1.64
2.20
1.98
1.97
2.35
1.72
2.61
1.46
2.88
1.35
3.00
1.29
3.01
1.39
2.99
1.64
2.83
1.82
2.21
1.85
1.71
2.04
1.42
2.45
1.34
2.74
1.25
2.85
1.23
2.84
1.31
2.71
1.48
2.50
1.76
2.23
2.01
1.88
2.27
1.62
2.61
1.48
2.79
1.31
2.58
1.14
2.56
1.18
2.33
1.35
2.16
1.61
1.91
1.86
1.64
2.20
1.51
2.62
1.46
2.75
1.27
2.53
1.09
2.28
1.09
2.08
1.25
1.86
1.41
1.67
1.63
1.47
1.84
1.31
2.13
1.33
2.37
1.72
3.34
1.62
1.86
1.11
2.09
1.71
2.17
1.99
2.10
2.26
2.00
2.44
1.91
2.58
1.82
2.60
1.73
2.51
1.66
2.32
1.64
2.14
1.74
2.06
1.90
1.87
1.92
1.58
1.78
1.23
1.52
0.97
1.42
0.91
1.42
1.03
1.50
1.25
1.61
1.53
1.68
1.73
1.68
1.88
1.68
1.98
1.70
2.06
1.73
2.12
1.78
2.10
1.83
2.06
1.89
1.99
1.95
1.91
1.99
1.84
2.02
1.80
2.06
1.79
2.05
1.80
2.03
1.81
1.96
1.83
1.96
1.88
1.89
1.94
1.87
2.01
1.87
2.09
1.88
2.11
1.93
2.15
1.97
2.10
1.97
2.09
2.05
2.04
2.03
1.97
2.05
1.96
2.48
2.91
2.36
1.44
1.72
1.83
2.15
2.02
2.17
2.07
2.13
2.13
2.13
2.20
2.12
2.24
2.07
2.24
2.02
2.23
2.01
2.22
2.06
2.24
2.14
2.24
2.18
2.20
2.18
2.03
2.02
1.80
1.90
1.69
1.87
1.68
1.89
1.73
1.93
1.81
1.95
1.91
1.99
1.96
1.99
2.04
1.97
2.09
1.96
2.15
1.98
2.18
1.99
2.21
2.01
2.19
2.01
2.14
2.04
2.09
2.05
2.03
2.06
1.98
2.10
1.96
2.13
1.93
2.12
1.92
2.11
1.91
2.06
1.89
2.00
1.89
1.95
1.93
1.92
1.98
1.91
2.05
1.95
2.10
1.84
1.99
1.76
1.97
1.77
1.96
1.83
1.95
1.86
1.98
2.46
2.73
1.95
1.33
1.66
1.75
2.01
1.83
2.05
1.87
2.03
1.87
2.03
1.90
2.01
1.94
1.99
1.99
1.96
2.06
1.96
2.12
1.97
2.20
2.04
2.27
2.07
2.25
2.01
2.07
1.82
1.84
1.71
1.70
1.70
1.66
1.74
1.66
1.83
1.69
1.90
1.72
1.94
1.76
1.96
1.80
1.96
1.84
1.93
1.87
1.89
1.91
1.88
1.99
1.84
1.98
1.81
1.99
1.77
1.96
1.76
1.96
1.78
1.92
1.80
1.90
1.85
1.87
1.90
1.83
1.93
1.80
1.96
1.79
1.98
1.78
2.00
1.80
2.00
1.85
2.03
1.93
2.04
1.93
1.85
1.85
1.78
1.88
1.76
1.95
1.78
1.98
1.79
2.24
2.73
2.45
1.50
1.54
1.72
1.97
1.99
1.99
2.01
1.93
2.06
1.89
2.05
1.87
2.08
1.88
2.09
1.92
2.11
1.95
2.11
2.04
2.11
2.10
2.13
2.19
2.09
2.16
1.92
1.96
1.68
1.77
1.52
1.72
1.51
1.70
1.57
1.73
1.66
1.76
1.76
1.79
1.85
1.78
1.92
1.78
1.95
1.76
1.97
1.76
1.97
1.78
1.97
1.81
1.95
1.84
1.91
1.88
1.87
1.92
1.83
1.97
1.82
2.00
1.80
2.03
1.82
2.02
1.83
1.99
1.81
1.94
1.84
1.89
1.86
1.86
1.95
1.87
2.02
1.85
1.92
1.68
1.88
1.66
1.87
1.71
1.90
1.78
1.87
1.90
2.55
2.72
1.79
1.36
1.49
1.89
1.86
2.04
1.85
2.02
1.80
2.00
1.79
1.96
1.81
1.92
1.84
1.91
1.90
1.90
1.99
1.91
2.09
1.95
2.16
1.96
2.18
1.94
2.07
1.77
1.84
1.61
1.68
1.57
1.62
1.63
1.61
1.71
1.63
1.80
1.67
1.86
1.67
1.90
1.71
1.91
1.73
1.88
1.75
1.87
1.79
1.83
1.83
1.81
1.90
1.81
1.98
1.81
1.99
1.78
2.01
1.79
1.99
1.80
1.98
1.82
1.93
1.86
1.88
1.88
1.85
1.94
1.82
1.97
1.80
2.03
1.84
2.08
1.85
1.96
1.73
1.87
1.74
1.85
1.81
1.82
1.84
1.78
2.00
2.51
2.81
1.68
1.34
1.39
1.88
1.80
2.04
1.85
2.03
1.88
1.97
1.91
1.93
1.94
1.91
2.00
1.88
2.05
1.88
2.11
1.92
2.17
1.98
2.22
2.05
2.23
2.04
2.08
1.89
1.78
1.71
1.60
1.67
1.53
1.70
1.55
1.79
1.62
1.87
1.68
1.91
1.74
1.93
1.78
1.89
1.82
1.83
1.85
1.81
1.91
1.78
1.96
1.78
1.97
1.75
1.97
1.76
1.96
1.78
1.93
1.79
1.89
1.84
1.86
1.88
1.83
1.93
1.78
1.96
1.77
1.97
1.74
1.96
1.76
1.97
1.81
2.00
1.91
2.02
1.98
1.92
1.86
1.79
1.87
1.74
1.92
1.74
1.96
1.73
1.99
2.12
3.03
2.23
1.52
1.37
1.76
1.88
1.93
1.97
1.90
2.00
1.87
2.05
1.87
2.08
1.86
2.07
1.84
2.03
1.87
2.02
1.94
2.04
2.06
2.08
2.17
2.12
2.22
2.03
2.11
1.79
1.88
1.57
1.75
1.52
1.72
1.57
1.74
1.65
1.77
1.76
1.79
1.85
1.79
1.89
1.75
1.93
1.74
1.95
1.73
1.96
1.73
1.92
1.72
1.88
1.77
1.86
1.81
1.81
1.84
1.77
1.90
1.75
1.95
1.74
1.96
1.76
2.00
1.80
2.00
1.82
1.96
1.85
1.93
1.89
1.90
1.92
1.84
1.97
1.82
1.99
1.82
2.06
1.85
2.13
1.92
2.10
1.86
1.95
1.83
1.92
1.91
1.91
1.98
1.91
2.01
1.90
2.52
2.83
2.12
1.23
1.52
1.60
1.92
1.79
1.93
1.84
1.90
1.87
1.85
1.89
1.81
1.95
1.81
1.98
1.78
2.01
1.80
2.04
1.85
2.08
1.94
2.10
2.00
2.06
1.97
1.86
1.77
1.60
1.64
1.47
1.64
1.46
1.69
1.54
1.79
1.63
1.87
1.74
1.90
1.84
1.95
1.93
1.96
2.04
1.97
2.14
1.96
2.15
1.96
2.08
1.88
1.76
1.12
1.45
1.29
1.70
1.74
1.99
1.87
1.98
1.94
2.10
2.16
2.02
2.00
1.87
1.98
1.78
1.97
1.74
1.98
1.74
2.02
1.76
2.05
1.72
1.85
1.59
1.74
1.59
1.71
1.66
1.71
1.81
1.71
2.03
2.42
2.91
1.66
1.43
1.33
1.97
1.76
2.13
1.75
2.06
1.81
1.99
1.87
1.91
1.95
1.86
2.02
1.78
2.10
1.76
2.17
1.72
2.16
1.75
2.17
1.76
2.12
1.76
1.90
1.62
1.61
1.51
1.39
1.52
1.33
1.65
1.35
1.76
1.37
1.87
1.45
1.94
1.52
1.93
1.59
1.88
1.65
1.77
1.70
1.65
1.77
1.54
1.82
1.44
1.87
1.38
1.86
1.34
1.85
1.35
1.80
1.38
1.74
1.47
1.67
1.58
1.57
1.68
1.51
1.82
1.47
1.93
1.42
2.00
1.41
2.02
1.41
1.98
1.47
1.96
1.61
1.92
1.66
1.69
1.73
1.57
1.86
1.50
1.96
1.42
2.00
1.43
2.59
2.41
2.28
1.00
1.59
1.41
1.89
1.68
1.82
1.82
1.71
1.97
1.63
2.12
1.57
2.18
1.50
2.20
1.50
2.19
1.56
2.17
1.70
2.12
1.91
2.07
2.10
1.94
2.17
1.70
2.07
1.39
1.96
1.23
1.95
1.25
1.95
1.30
1.95
1.48
1.92
1.69
1.84
1.86
1.72
1.99
1.58
2.11
1.49
2.18
1.43
2.20
1.44
2.20
1.51
2.14
1.62
2.02
1.74
1.89
1.88
1.71
2.03
1.70
2.19
1.52
2.14
1.33
2.17
1.30
2.17
1.29
2.11
1.36
2.01
1.49
1.88
1.65
1.73
1.85
1.60
2.07
1.50
2.15
1.30
2.15
1.23
2.17
1.28
2.14
1.37
2.02
1.49
2.16
2.67
2.15
1.42
1.14
1.83
1.36
2.14
1.32
2.26
1.31
2.30
1.36
2.25
1.45
2.15
1.61
2.01
1.81
1.85
2.01
1.70
2.21
1.59
2.40
1.54
2.53
1.53
2.47
1.41
2.20
1.30
1.93
1.34
1.73
1.52
1.57
1.75
1.45
1.97
1.35
2.14
1.27
2.23
1.27
2.27
1.31
2.21
1.42
2.09
1.55
1.93
1.74
1.75
1.95
1.59
2.13
1.44
2.26
1.36
2.34
1.33
2.34
1.37
2.28
1.50
2.18
1.67
2.02
1.87
1.84
2.06
1.67
2.23
1.54
2.39
1.46
2.45
1.42
2.44
1.51
2.42
1.64
2.22
1.64
1.94
1.79
1.75
2.00
1.60
2.17
1.45
2.28
1.56
3.28
1.79
1.99
0.97
2.04
1.42
2.08
1.60
1.91
1.78
1.75
2.00
1.59
2.19
1.48
2.34
1.41
2.43
1.41
2.43
1.49
2.40
1.65
2.32
1.88
2.18
2.07
1.94
2.13
1.58
2.07
1.28
2.06
1.13
2.11
1.15
2.15
1.20
2.09
1.34
2.00
1.52
1.86
1.75
1.70
1.96
1.53
2.14
1.38
2.25
1.30
2.30
1.26
2.28
1.31
2.20
1.42
2.07
1.58
1.89
1.78
1.73
1.98
1.55
2.17
1.41
2.29
1.30
2.32
1.27
2.28
1.31
2.19
1.43
2.07
1.61
1.92
1.84
1.78
2.11
1.62
2.18
1.37
2.23
1.28
2.31
1.28
2.30
1.33
2.18
1.52
2.67
2.52
1.90
1.36
1.40
1.93
1.56
2.22
1.42
2.35
1.37
2.40
1.36
2.39
1.42
2.31
1.57
2.16
1.75
2.02
1.96
1.84
2.22
1.76
2.50
1.70
2.68
1.64
2.63
1.50
2.40
1.33
2.13
1.37
1.95
1.53
1.79
1.78
1.67
2.03
1.56
2.27
1.46
2.40
1.40
2.47
1.40
2.41
1.45
2.30
1.56
2.11
1.69
1.90
1.86
1.69
2.02
1.49
2.16
1.34
2.25
1.26
2.28
1.24
2.24
1.31
2.15
1.46
2.03
1.68
1.88
1.92
1.75
2.17
1.63
2.37
1.52
2.47
1.47
2.53
1.49
2.51
1.55
2.27
1.58
2.08
1.75
1.92
1.98
1.76
2.18
1.58
2.51
2.28
3.26
1.30
1.94
1.19
2.36
1.51
2.29
1.65
2.13
1.83
1.93
1.98
1.73
2.16
1.56
2.30
1.41
2.35
1.35
2.37
1.37
2.35
1.52
2.33
1.76
2.23
1.96
2.02
2.08
1.73
2.12
1.45
2.13
1.24
2.11
1.13
2.13
1.18
2.15
1.35
2.14
1.58
2.04
1.79
1.89
1.96
1.66
2.11
1.48
2.19
1.30
2.21
1.23
2.22
1.23
2.13
1.28
1.99
1.41
1.82
1.57
1.66
1.80
1.52
1.99
1.37
2.17
1.32
2.29
1.33
2.38
1.44
2.39
1.59
2.32
1.80
2.20
2.02
2.03
2.15
1.72
2.16
1.47
2.22
1.35
2.28
1.29
2.26
1.29
2.36
2.26
2.70
1.28
1.49
1.53
1.73
1.94
1.60
2.10
1.44
2.21
1.33
2.30
1.33
2.31
1.37
2.27
1.49
2.17
1.64
2.01
1.86
1.89
2.13
1.80
2.36
1.66
2.47
1.49
2.38
1.29
2.19
1.21
2.07
1.29
1.95
1.45
1.82
1.67
1.70
1.92
1.57
2.12
1.44
2.26
1.36
2.34
1.33
2.31
1.35
2.25
1.47
2.11
1.61
1.94
1.79
1.75
1.98
1.59
2.16
1.46
2.29
1.37
2.36
1.36
2.35
1.41
2.27
1.52
2.14
1.68
1.97
1.86
1.77
2.04
1.61
2.17
1.46
2.30
1.40
2.41
1.40
2.33
1.29
2.10
1.33
1.93
1.47
1.77
1.68
1.62
1.88
1.72
2.99
1.72
1.85
1.02
2.23
1.36
2.40
1.49
2.39
1.68
2.31
1.92
2.21
2.17
2.12
2.50
1.99
2.66
1.85
2.75
1.72
2.70
1.63
2.62
1.67
2.52
1.74
2.26
1.75
1.87
1.69
1.51
1.70
1.24
1.71
0.94
1.54
0.70
1.36
0.64
1.39
0.85
1.60
1.33
1.92
1.90
2.26
2.79
2.78
3.13
2.20
2.56
1.64
2.24
1.31
2.04
1.20
2.00
1.30
1.99
1.47
1.88
1.59
1.74
1.75
1.61
1.93
1.49
2.05
1.41
2.13
1.42
2.19
1.48
2.20
1.59
2.17
1.72
2.00
1.69
1.72
1.76
1.60
1.92
1.50
2.04
1.46
2.16
1.63
3.13
2.23
2.11
1.18
2.05
1.77
2.23
1.86
1.87
1.65
1.09
1.37
0.79
0.19
0.36
3.03
1.24
2.78
1.68
2.52
2.17
2.17
2.49
1.79
2.92
1.52
3.31
1.33
3.54
1.11
3.35
1.05
3.09
1.47
3.13
2.05
2.80
2.44
2.31
2.79
1.96
3.17
1.67
3.49
1.41
3.70
1.25
3.69
1.31
3.44
1.62
3.04
2.00
2.67
2.41
2.29
2.82
1.95
3.18
1.66
3.50
1.41
3.76
1.27
3.74
1.35
3.42
1.63
3.04
2.04
2.66
2.46
2.28
2.83
1.94
3.20
1.66
3.52
1.40
3.73
1.23
3.67
1.32
3.37
1.61
2.98
2.00
2.59
2.42
2.22
2.83
1.94
3.21
1.60
3.51
1.38
3.76
1.25
3.68
1.34
3.36
1.63
2.97
2.07
2.58
2.45
2.23
2.86
1.91
3.23
1.61
3.54
1.38
3.76
1.25
3.68
1.37
3.35
1.68
2.96
2.08
2.57
2.50
2.22
2.90
1.90
3.26
1.61
3.56
1.38
3.75
1.24
3.65
1.36
3.31
1.68
2.92
2.08
2.54
2.51
2.18
2.92
1.87
3.28
1.59
3.58
1.35
3.76
1.24
3.62
1.38
3.28
1.71
2.90
2.11
2.51
2.53
2.16
2.94
1.84
3.29
1.56
3.60
1.33
3.76
1.25
3.62
1.41
3.27
1.76
2.88
2.16
2.48
2.57
2.13
2.97
1.85
3.33
1.55
3.62
1.32
3.76
1.27
3.61
1.41
3.22
1.76
2.84
2.18
2.46
2.60
2.11
3.00
1.80
3.34
1.53
3.63
1.31
3.80
1.25
3.58
1.44
3.22
1.78
2.84
2.19
2.44
2.61
2.09
3.00
1.80
3.35
1.52
3.64
1.31
3.77
1.25
3.58
1.45
3.24
1.81
2.84
2.24
2.45
2.64
2.11
3.04
1.80
3.38
1.52
3.67
1.30
3.77
1.27
3.55
1.46
3.18
1.80
2.78
2.22
2.41
2.64
2.06
3.03
1.76
3.37
1.50
3.66
1.29
3.75
1.25
3.53
1.47
3.15
1.83
2.76
2.24
2.39
2.68
2.07
3.07
1.77
3.39
1.50
3.72
1.28
3.72
1.24
3.48
1.49
3.12
1.83
2.72
2.28
2.36
2.67
2.02
3.08
1.74
3.44
1.49
3.70
1.29
3.76
1.29
3.50
1.52
3.12
1.88
2.73
2.30
2.36
2.71
2.02
3.10
1.74
3.44
1.47
3.70
1.28
3.75
1.30
3.49
1.52
3.11
1.90
2.72
2.31
2.34
2.73
2.00
3.10
1.72
3.44
1.46
3.70
1.28
3.74
1.28
3.48
1.53
3.11
1.91
2.70
2.31
2.33
2.73
2.00
3.11
1.72
3.45
1.46
3.70
1.27
3.73
1.29
3.47
1.53
3.06
1.90
2.67
2.33
2.32
2.75
2.01
3.15
1.72
3.47
1.46
3.73
1.27
3.72
1.29
3.44
1.54
3.05
1.91
2.66
2.32
2.29
2.74
1.96
3.12
1.70
3.45
1.42
3.72
1.24
3.66
1.25
3.35
1.54
3.05
1.97
2.70
2.42
2.36
2.82
2.00
3.20
1.73
3.55
1.49
3.37
1.38
3.18
1.23
2.77
1.02
2.11
0.75
2.06
0.80
2.36
1.29
3.34
3.40
4.56
4.68
3.96
3.70
3.00
2.91
2.01
1.94
0.87
1.40
0.62
1.35
0.59
1.34
0.63
1.42
0.81
1.31
0.91
1.21
1.16
1.24
1.56
1.71
3.04
3.27
4.67
4.99
4.97
4.99
4.83
3.25
2.74
1.02
0.77
0.24
0.09
0.03
0.00
0.05
0.01
0.14
0.04
0.12
0.03
0.31
0.13
0.46
0.26
0.58
0.49
0.74
0.82
1.61
1.47
0.91
0.91
1.26
1.67
1.74
2.00
1.88
2.14
1.96
2.21
1.98
2.22
1.88
1.94
1.62
1.53
0.48
0.89
3.12
3.74
4.46
3.43
4.09
2.67
3.41
1.96
2.85
1.54
2.49
1.46
2.33
1.80
2.30
2.13
2.09
2.58
1.97
2.90
1.70
2.99
1.41
2.94
1.34
3.04
1.47
2.82
1.51
2.41
1.73
2.13
2.02
1.78
2.35
1.60
2.70
1.42
2.95
1.32
3.11
1.28
2.82
1.22
2.46
1.35
2.25
1.73
2.12
2.21
2.01
2.85
1.96
3.36
1.81
3.57
1.62
3.61
1.57
3.45
1.63
3.17
1.87
2.81
2.26
2.83
2.68
1.89
2.58
1.60
3.04
1.45
3.26
1.33
3.35
1.41
3.30
1.52
2.95
1.71
3.53
1.19
3.65
1.23
3.68
1.47
3.34
1.75
2.90
2.09
2.47
2.47
2.13
2.93
1.88
3.34
1.62
3.66
1.39
3.80
1.27
3.63
1.43
3.26
1.74
2.87
2.17
2.50
2.60
2.16
2.99
1.84
3.33
1.58
3.63
1.33
3.76
1.27
3.59
1.44
3.22
1.77
2.83
2.19
2.45
2.61
2.11
3.01
1.80
3.35
1.52
3.63
1.31
3.74
1.25
3.55
1.45
3.20
1.80
2.82
2.22
2.44
2.63
2.09
3.02
1.78
3.37
1.52
3.65
1.31
3.76
1.28
3.58
1.52
3.18
1.83
2.80
2.24
2.41
2.65
2.07
3.04
1.77
3.38
1.51
3.67
1.30
3.76
1.29
3.55
1.50
3.18
1.85
2.77
2.26
2.39
2.70
2.06
3.07
1.77
3.42
1.51
3.69
1.30
3.78
1.29
3.52
1.51
3.14
1.87
2.74
2.29
2.39
2.71
2.04
3.08
1.74
3.44
1.48
3.69
1.28
3.71
1.28
3.49
1.52
3.12
1.91
2.74
2.33
2.37
2.73
2.03
3.11
1.74
3.45
1.47
3.70
1.29
3.74
1.30
3.48
1.56
3.09
1.90
2.71
2.33
2.34
2.75
2.01
3.13
1.72
3.48
1.45
3.71
1.28
3.73
1.31
3.48
1.56
3.07
1.93
2.69
2.37
2.35
2.85
2.39
2.28
2.36
2.02
2.15
1.64
1.14
1.33
1.49
1.20
1.85
1.06
2.30
1.03
2.61
1.00
2.64
1.03
2.15
0.98
1.86
1.48
2.13
2.03
1.71
2.02
1.18
2.09
0.96
2.98
1.30
3.62
1.62
3.82
1.99
3.68
2.39
3.39
2.72
2.80
2.90
2.41
3.29
2.04
3.51
1.68
3.61
1.41
3.44
1.14
2.99
1.30
3.04
1.78
2.77
2.23
2.46
2.72
2.24
3.20
1.94
3.50
1.68
3.68
1.47
3.63
1.39
3.39
1.49
3.05
1.82
2.74
2.28
2.42
2.72
2.11
3.13
1.84
3.42
1.52
3.56
1.34
3.52
1.34
3.37
1.50
3.00
1.76
2.60
2.12
2.25
2.57
1.97
3.03
1.73
3.40
1.59
3.75
1.40
3.53
1.34
3.35
1.52
2.99
1.80
2.60
2.18
2.26
2.62
1.96
3.04
1.69
3.35
1.45
3.52
1.32
3.51
1.34
3.30
1.51
2.97
1.83
2.55
2.16
2.17
2.53
1.79
2.77
1.43
2.29
0.88
2.56
0.90
3.04
1.09
2.98
1.34
2.75
1.74
2.41
2.20
1.98
2.82
1.53
3.98
1.34
3.58
1.49
3.18
1.84
2.79
2.26
2.38
2.60
2.00
2.99
1.71
3.33
1.45
3.65
1.25
3.73
1.25
3.48
1.47
3.14
1.84
2.75
2.27
2.39
2.69
2.05
3.08
1.76
3.42
1.50
3.70
1.30
3.77
1.28
3.52
1.51
3.14
1.90
2.75
2.30
2.38
2.71
2.07
3.11
1.76
3.42
1.48
3.71
1.29
3.78
1.30
3.52
1.54
3.14
1.92
2.75
2.33
2.37
2.74
2.05
3.12
1.73
3.46
1.47
3.72
1.28
3.75
1.30
3.48
1.54
3.09
1.92
2.69
2.34
2.33
2.76
1.99
3.15
1.71
3.47
1.45
3.74
1.27
3.75
1.31
3.45
1.57
3.06
1.96
2.67
2.39
2.31
2.79
1.97
3.17
1.68
3.49
1.43
3.75
1.26
3.74
1.32
3.44
1.60
3.05
2.01
2.67
2.40
2.30
2.81
1.97
3.19
1.68
3.51
1.43
3.76
1.26
3.74
1.33
3.43
1.62
3.04
2.01
2.65
2.40
2.30
2.82
1.96
3.20
1.67
3.52
1.42
3.76
1.26
3.73
1.36
3.44
1.61
3.01
2.00
2.64
2.42
2.27
2.83
1.95
3.21
1.66
3.53
1.40
3.76
1.26
3.71
1.35
3.40
1.64
3.01
2.02
2.61
2.44
2.26
2.85
1.94
3.23
1.65
3.54
1.40
3.78
1.26
3.81
1.22
3.77
1.37
3.67
1.73
3.37
1.99
2.92
2.29
2.51
2.62
2.14
2.95
1.91
3.43
1.73
3.59
1.48
3.66
1.31
3.61
1.35
3.40
1.56
3.13
1.96
2.77
2.29
2.35
2.63
1.99
2.97
1.67
3.26
1.42
3.43
1.27
3.42
1.24
3.23
1.52
3.21
2.00
2.70
2.12
2.17
2.33
1.77
2.70
1.52
3.06
1.34
3.29
1.22
3.32
1.21
3.16
1.32
2.84
1.61
2.50
1.96
2.17
2.54
1.98
2.83
1.58
3.26
1.91
3.98
1.57
3.64
1.32
3.26
1.42
2.87
1.71
2.50
2.09
2.17
2.52
1.87
2.93
1.60
3.27
1.39
3.49
1.29
3.51
1.30
3.29
1.50
2.95
1.83
2.60
2.25
2.24
2.66
1.93
3.05
1.66
3.38
1.43
3.54
1.29
3.51
1.30
3.27
1.50
2.94
1.86
2.57
2.27
2.23
2.67
1.91
3.06
1.63
3.37
1.41
3.53
1.28
3.49
1.31
3.26
1.52
2.91
1.88
2.55
2.29
2.20
2.70
1.90
3.08
1.62
3.39
1.41
3.57
1.31
3.51
1.32
3.28
1.55
2.92
1.95
2.57
2.35
2.20
2.74
1.90
3.13
1.63
3.43
1.40
3.59
1.28
3.50
1.44
3.31
1.53
2.84
1.93
2.54
2.37
2.21
2.78
1.90
3.16
1.63
3.46
1.41
3.61
1.30
3.54
1.37
3.27
1.62
2.91
2.03
2.54
2.41
2.20
2.83
1.88
3.20
1.61
3.47
1.37
3.58
1.27
3.48
1.33
3.20
1.58
2.86
1.96
2.48
2.39
2.14
2.80
1.83
3.18
1.57
3.45
1.35
3.60
1.27
3.48
1.35
3.19
1.63
2.83
2.01
2.46
2.43
2.12
2.83
1.82
3.21
1.55
3.49
1.35
3.58
1.27
3.47
1.37
3.17
1.66
2.80
2.04
2.44
2.45
2.10
2.86
1.80
3.24
1.55
3.51
1.35
3.60
1.27
3.47
1.37
3.15
1.65
2.78
2.04
2.42
2.45
2.09
2.98
1.85
3.21
1.50
3.50
1.33
3.63
1.27
3.47
1.39
3.15
1.70
2.79
2.10
2.43
2.51
2.09
2.91
1.80
3.26
1.53
3.53
1.34
3.61
1.28
3.47
1.41
3.14
1.71
2.76
2.10
2.39
2.51
2.06
2.91
1.76
3.27
1.51
3.52
1.33
3.61
1.30
3.47
1.41
3.12
1.72
2.74
2.11
2.39
2.53
2.05
2.91
1.74
3.25
1.45
3.35
1.12
2.35
0.80
3.18
1.53 1.05
2.81 4.47
2.88 1.14
1.55 1.24
2.89 4.47
2.86 1.44
1.57 1.44
2.98 4.66
2.78 -1.00
1.66 1.73
3.05 4.57
2.73 -1.00
1.70 2.12
3.14 4.57
2.71 -1.00
1.74 2.41
3.23 4.57
2.69 -1.00
1.78 2.81
3.31 4.57
2.67 -1.00
1.85 3.00
3.37 4.47
2.62 -1.00
1.88 3.10
3.44 4.37
2.59 -1.00
1.97 3.20
3.50 4.27
2.47 -1.00
2.01 3.29
3.54 4.08
2.38 -1.00
2.05 3.39
3.58 3.88
2.29 -1.00
2.10 3.59
3.65 3.59
2.21 -1.00
2.15 3.49
3.62 3.69
2.14 -1.00
2.19 3.49
3.61 3.29
2.06 -1.00
2.24 3.69
3.54 3.10
1.98 -1.00
2.27 3.59
3.49 2.81
1.91 -1.00
2.31 3.78
3.44 2.61
1.85 -1.00
2.33 3.88
3.37 2.12
1.80 -1.00
2.36 3.88
3.33 1.83
1.74 -1.00
2.38 4.08
3.25 1.53
1.68 -1.00
2.39 3.88
3.21 1.44
1.63 -1.00
2.44 3.98
3.13 1.24
1.61 -1.00
2.50 4.08
3.10 1.34
1.56 -1.00
2.60 4.17
3.04 1.24
1.55 -1.00
2.66 4.27
2.97 1.24
1.53 -1.00
2.73 4.86
2.91 1.14
1.54 -1.00
2.83 4.96
2.86 1.05
1.57 1.14
2.91 4.47
2.81 1.05
1.62 1.44
2.97 4.47
2.76 -1.00
1.67 1.73
3.04 4.66
2.73 -1.00
1.72 2.12
3.13 4.47
2.70 -1.00
1.77 2.41
3.20 4.47
2.69 -1.00
1.81 2.81
3.29 4.37
2.67 -1.00
1.87 3.00
3.37 4.37
2.62 -1.00
1.93 3.00
3.43 4.27
2.56 -1.00
1.97 3.20
3.48 4.37
2.47 -1.00
2.01 3.20
3.52 4.08
2.38 -1.00
2.06 3.29
3.57 3.69
2.29 -1.00
2.13 3.39
3.60 3.59
2.19 -1.00
2.18 3.49
3.59 3.20
2.11 -1.00
2.23 3.49
3.54 3.10
2.02 -1.00
2.27 3.59
3.49 2.81
1.94 -1.00
2.31 3.69
3.42 2.41
1.87 -1.00
2.33 3.69
3.36 2.71
1.80 -1.00
2.36 3.78
3.30 1.73
1.74 -1.00
2.37 3.78
3.24 1.53
1.67 -1.00
2.40 4.57
3.17 1.44
1.62 -1.00
2.46 4.17
3.12 1.44
1.59 -1.00
2.52 4.76
3.04 1.44
1.55 1.14
2.61 4.37
3.00 1.34
1.54 -1.00
2.68 4.47
2.92 1.34
1.53 1.05
2.77 4.66
2.88 1.24
1.54 1.24
2.84 4.66
2.83 1.24
1.58 1.53
2.92 4.66
2.80 1.14
1.62 1.83
3.01 4.76
2.75 1.14
1.66 2.22
3.08 4.86
2.71 1.05
1.74 2.51
3.16 4.96
2.70 1.05
1.76 2.90
3.24 4.86
2.68 1.05
1.84 3.39
3.31 4.76
2.65 -1.00
1.88 3.39
3.38 4.76
2.60 -1.00
1.93 3.49
3.46 4.76
2.52 -1.00
1.99 3.59
3.51 4.57
2.43 -1.00
2.03 3.69
3.56 4.47
2.35 -1.00
2.09 3.88
3.60 4.17
2.25 -1.00
2.17 3.98
3.59 4.27
2.17 -1.00
2.19 4.08
3.59 3.88
2.09 -1.00
2.23 4.08
3.54 3.69
2.02 -1.00
2.27 4.27
3.50 3.29
1.93 -1.00
2.31 4.27
3.41 3.00
1.85 -1.00
2.33 4.37
3.36 2.61
1.78 -1.00
2.36 4.47
3.31 2.32
1.72 -1.00
2.38 4.57
3.23 2.12
1.67 -1.00
2.41 4.66
3.19 2.12
1.63 -1.00
2.46 4.66
3.12 2.22
1.57 -1.00
2.53 4.76
3.07 1.93
1.56 1.05
2.60 4.96
3.01 1.83
1.54 1.24
2.67 4.86
2.97 1.73
1.54 1.44
2.74 4.96
2.89 1.83
1.55 2.22
2.81 4.96
2.85 1.93
1.56 1.93
2.90 5.05
2.81 1.63
1.61 2.02
2.98 5.15
2.77 1.53
1.67 2.41
3.04 5.15
2.74 1.44
1.72 2.81
3.12 5.15
2.71 1.44
1.74 3.20
3.20 5.35
2.70 1.44
1.79 3.59
3.27 5.35
2.67 1.53
1.86 3.88
3.32 5.35
2.64 1.34
1.89 4.08
3.40 5.35
2.59 1.34
1.93 4.08
3.46 5.15
2.51 1.34
1.99 4.17
3.48 5.15
2.44 1.24
2.04 4.17
3.56 4.86
2.37 1.05
2.06 4.27
3.60 4.66
2.28 -1.00
2.13 4.37
3.65 4.47
2.20 1.14
2.16 4.47
3.59 4.27
2.14 -1.00
2.22 4.57
3.58 4.17
2.06 -1.00
2.24 4.47
3.52 3.88
1.98 -1.00
2.28 4.86
3.46 3.49
1.91 -1.00
2.32 4.66
3.42 3.00
1.84 -1.00
2.34 4.76
3.35 2.90
1.76 -1.00
2.35 4.76
3.30 2.51
1.71 -1.00
2.37 4.76
3.22 2.32
1.66 -1.00
2.40 4.86
3.18 2.81
1.62 -1.00
2.48 4.86
3.11 2.02
1.58 1.05
2.52 4.96
3.08 2.02
1.56 1.14
2.59 5.05
3.02 1.93
1.55 1.44
2.66 5.05
2.97 1.93
1.54 1.63
2.72 5.05
2.92 1.83
1.54 1.73
2.79 5.44
2.90 1.73
1.55 1.83
2.86 5.25
2.83 1.73
1.58 2.12
2.92 5.25
2.78 1.53
1.63 2.22
3.00 5.15
2.77 1.44
1.66 2.41
3.07 5.25
2.73 1.44
1.72 2.90
3.13 5.35
2.71 1.34
1.74 3.10
3.21 5.25
2.70 1.34
1.80 3.69
3.27 5.05
2.70 1.24
1.85 3.59
3.30 5.15
2.66 1.14
1.87 3.69
3.38 5.05
2.61 1.05
1.91 3.69
3.43 4.86
2.56 -1.00
1.96 3.69
3.48 4.76
2.48 -1.00
2.02 3.78
3.51 4.66
2.44 -1.00
2.05 3.78
3.57 4.37
2.34 -1.00
2.08 3.88
3.58 4.17
2.28 -1.00
2.12 3.98
3.61 4.08
2.21 -1.00
2.17 3.88
3.60 3.98
2.16 -1.00
2.19 4.08
3.60 3.78
2.07 -1.00
2.22 3.98
3.56 3.59
2.01 -1.00
2.26 4.57
3.49 3.29
1.95 -1.00
2.29 4.17
3.46 3.10
1.88 -1.00
2.33 4.27
3.40 2.71
1.83 -1.00
2.34 4.17
3.35 2.61
1.77 -1.00
2.36 4.57
3.29 2.22
1.71 -1.00
2.37 4.76
3.24 1.93
1.67 -1.00
2.40 4.57
3.20 2.12
1.63 -1.00
2.43 4.66
3.13 2.02
1.61 -1.00
2.50 4.66
3.08 1.83
1.58 -1.00
2.57 4.37
3.07 1.83
1.54 1.24
2.64 4.76
2.99 1.73
1.55 1.24
2.68 4.96
2.97 1.63
1.52 1.44
2.75 4.86
2.90 1.63
1.54 1.63
2.82 4.96
2.86 1.53
1.56 1.73
2.87 5.05
2.81 1.53
1.58 1.93
2.94 4.76
2.78 1.44
1.63 2.81
3.02 5.15
2.76 1.34
1.68 2.51
3.07 5.15
2.72 1.34
1.71 3.20
3.14 5.15
2.71 1.24
1.76 3.10
3.21 5.15
2.70 1.14
1.79 3.39
3.28 5.54
2.67 1.14
1.84 3.59
3.33 5.05
2.65 1.05
1.88 3.59
3.40 4.96
2.60 1.05
1.93 3.59
3.43 4.86
2.54 -1.00
1.96 3.69
3.49 4.76
2.47 -1.00
2.03 3.69
3.48 4.57
2.39 -1.00
2.05 3.78
3.52 4.37
2.30 -1.00
2.07 3.88
3.54 4.08
2.22 -1.00
2.14 3.88
3.58 3.98
2.16 -1.00
2.19 3.98
3.57 3.78
2.08 -1.00
2.21 4.08
3.53 3.20
2.02 -1.00
2.25 4.08
3.46 3.39
1.94 -1.00
2.28 4.17
3.40 3.59
1.87 -1.00
2.32 4.27
3.38 2.61
1.80 -1.00
2.33 4.37
3.28 2.22
1.74 -1.00
2.33 4.37
3.22 2.02
1.70 -1.00
2.38 4.37
3.19 1.83
1.64 -1.00
2.40 4.57
3.14 1.93
1.59 -1.00
2.48 4.86
3.15 1.73
1.58 -1.00
2.55 4.57
3.10 1.73
1.56 -1.00
2.62 4.66
3.02 1.63
1.55 1.14
2.68 4.76
2.96 1.53
1.53 1.24
2.75 4.86
2.90 1.53
1.54 1.44
2.84 4.86
2.88 1.44
1.57 1.73
2.91 4.86
2.84 1.34
1.61 1.93
2.98 5.05
2.76 1.34
1.65 2.22
3.05 5.05
2.73 1.34
1.70 2.61
3.14 5.05
2.71 1.14
1.76 3.00
3.21 5.05
2.68 1.24
1.79 3.39
3.27 5.05
2.67 1.14
1.85 3.59
3.34 4.96
2.63 1.05
1.90 3.78
3.41 4.86
2.57 -1.00
1.96 3.88
3.48 5.15
2.49 1.24
1.98 3.59
3.53 4.66
2.43 -1.00
2.05 3.78
3.57 4.47
2.31 -1.00
2.09 3.88
3.62 4.17
2.24 -1.00
2.15 3.98
3.60 4.08
2.15 -1.00
2.17 4.27
3.60 3.78
2.06 -1.00
2.24 4.08
3.55 4.08
1.98 -1.00
2.27 4.27
3.50 3.20
1.90 -1.00
2.32 4.37
3.40 2.81
1.82 -1.00
2.34 4.37
3.33 2.41
1.75 -1.00
2.36 4.37
3.31 2.02
1.70 -1.00
2.40 4.37
3.13 2.02
1.63 -1.00
2.44 4.57
3.15 1.83
1.59 -1.00
2.50 4.66
3.09 1.73
1.55 -1.00
2.59 4.66
3.01 1.83
1.53 1.14
2.67 4.76
2.95 1.53
1.54 1.34
2.77 4.76
2.90 1.44
1.55 1.44
2.84 4.96
2.88 1.44
1.58 1.63
2.92 4.96
2.79 1.34
1.62 2.02
3.01 4.96
2.77 1.24
1.68 2.41
3.10 4.96
2.71 1.14
1.74 3.20
3.19 4.86
2.69 1.05
1.79 3.10
3.28 4.86
2.68 1.05
1.83 3.59
3.34 4.96
2.63 1.05
1.89 3.39
3.42 4.76
2.57 -1.00
1.96 3.49
3.48 4.66
2.48 -1.00
2.00 3.59
3.55 4.37
2.40 -1.00
2.07 3.78
3.57 4.17
2.29 -1.00
2.12 3.88
3.60 3.78
2.19 -1.00
2.17 3.88
3.60 3.69
2.09 -1.00
2.23 3.98
3.54 3.39
2.01 -1.00
2.27 4.08
3.48 3.10
1.93 -1.00
2.30 4.08
3.40 2.71
1.83 -1.00
2.33 4.17
3.35 2.41
1.78 -1.00
2.35 4.27
3.28 1.93
1.69 -1.00
2.39 4.37
3.23 1.93
1.66 -1.00
2.42 4.37
